0.029 0.014 2340.54440625 5481087.776843752 30101004798635.86
0.029 0.015 2313.15134375 5355403.84615625 28770379568512.285
0.029 0.016 2282.38303125 5217416.772093751 27365584799304.965
0.029 0.017 2247.533875 5064500.54375 25866907481645.5
0.029 0.018 2207.9726666666666 4894117.406727273 24255691763185.12
0.029 0.019 2156.27946875 4682261.39140625 22401406459785.94
0.029 0.02 2102.401242424243 4465208.678818182 20564226468715.574
0.029 0.021 2046.4504375000001 4247631.579500001 18827984423682.637
0.029 0.022 1983.9581612903226 4011888.6228709673 17038622243726.973
0.029 0.023 1918.1751290322582 3774196.752032258 15360502384088.143
0.029 0.024 1860.9622258064517 3568848.3384838714 13922400259525.564
0.029 0.025 1799.3172424242427 3359205.9670606065 12580019878636.805
0.029 0.026 1741.8683125000002 3164585.709125 11341804469559.314
0.029 0.027 1685.1663125 2980587.6333125015 10247921451089.72
0.029 0.028 1633.0298125000002 2814924.2891249997 9301071328202.252
