0.029 0.014 1848.4890483870965 3419533.6207580646 11724849314090.385
0.029 0.015 1827.9692452830186 3345565.4309811317 11239582045678.709
0.029 0.016 1804.741868852459 3263582.4363934426 10721071966581.604
0.029 0.017 1777.433844444444 3169007.5653111106 10143186578215.932
0.029 0.018 1747.1924444444446 3067281.952333334 9550396358501.262
0.029 0.019 1711.484170212766 2950298.4031063826 8899939017545.617
0.029 0.02 1672.375819672131 2826010.081360657 8241981724678.613
0.029 0.021 1629.8180000000002 2694768.734784314 7582269824036.375
0.029 0.022 1588.9293695652173 2571069.6051521734 6979930600905.369
0.029 0.023 1546.6036226415092 2446838.6552830185 6403864490841.089
0.029 0.024 1503.6806857142851 2324648.0519714286 5865804379565.799
0.029 0.025 1457.0026590909092 2195327.2873409092 5321467729584.687
0.029 0.026 1420.6908448275863 2096295.2935689653 4915127410110.903
0.029 0.027 1378.9330000000002 1985833.4799545454 4482074662967.855
0.029 0.028 1344.6744 1896062.7676 4137361244961.1924
