1.405557856000000052e+07
2.786499024799999967e+07
2.772211388800000027e+07
2.757926404800000042e+07
2.743738383199999854e+07
2.729818835999999940e+07
2.716196797599999979e+07
2.702895127199999988e+07
2.689964776000000164e+07
2.677386192000000179e+07
2.665200225600000098e+07
2.653442550400000066e+07
2.642106091200000048e+07
2.631166350400000066e+07
2.620647675200000033e+07
2.610560985599999875e+07
2.600930455999999866e+07
2.591777999199999869e+07
2.583125028000000119e+07
2.574949312000000104e+07
2.567270025600000098e+07
2.560153031199999899e+07
2.553617353599999845e+07
2.547671451999999955e+07
2.542310133599999920e+07
2.537585169599999860e+07
2.533445383999999985e+07
2.529924100800000131e+07
2.527038279199999943e+07
2.524758171999999881e+07
2.523128838399999961e+07
2.522163971999999881e+07
1.260912627999999933e+07
0.000000000000000000e+00
0.000000000000000000e+00
0.000000000000000000e+00
0.000000000000000000e+00
0.000000000000000000e+00
0.000000000000000000e+00
0.000000000000000000e+00
0.000000000000000000e+00
0.000000000000000000e+00
0.000000000000000000e+00
0.000000000000000000e+00
0.000000000000000000e+00
0.000000000000000000e+00
0.000000000000000000e+00
0.000000000000000000e+00
0.000000000000000000e+00
0.000000000000000000e+00
0.000000000000000000e+00
0.000000000000000000e+00
0.000000000000000000e+00
0.000000000000000000e+00
0.000000000000000000e+00
0.000000000000000000e+00
0.000000000000000000e+00
0.000000000000000000e+00
0.000000000000000000e+00
0.000000000000000000e+00
0.000000000000000000e+00
0.000000000000000000e+00
0.000000000000000000e+00
0.000000000000000000e+00
5x50 ensembles written - L=64,p=0.029,omega=0.02