2.108624250322580710e+07
4.192341762150537968e+07
4.176058797419355065e+07
4.157446090322580934e+07
4.136606891182795912e+07
4.113760109677419066e+07
4.089036311397849768e+07
4.062628445591397583e+07
4.034685729892472923e+07
4.005356521720430255e+07
3.974799853333333135e+07
3.943226974623656273e+07
3.910793495483870804e+07
3.877717956559139490e+07
3.844151323440860212e+07
3.810318729462365806e+07
3.776341793548387289e+07
3.742454315268817544e+07
3.708858970752688497e+07
3.675703494193548709e+07
3.643172651182796061e+07
3.611504748817203939e+07
3.580818383655913919e+07
3.551358400860214978e+07
3.523281621505376697e+07
3.496732791827957332e+07
3.471902337204301357e+07
3.448919306666667014e+07
3.427909200430107862e+07
3.409047284731182456e+07
3.392437076989247650e+07
3.378204926021505147e+07
3.366400294193548709e+07
3.357156728172042966e+07
3.350484211612903327e+07
3.346472069677419215e+07
1.672566150107526965e+07
0.000000000000000000e+00
0.000000000000000000e+00
0.000000000000000000e+00
0.000000000000000000e+00
0.000000000000000000e+00
0.000000000000000000e+00
0.000000000000000000e+00
0.000000000000000000e+00
0.000000000000000000e+00
0.000000000000000000e+00
0.000000000000000000e+00
0.000000000000000000e+00
0.000000000000000000e+00
0.000000000000000000e+00
0.000000000000000000e+00
0.000000000000000000e+00
0.000000000000000000e+00
0.000000000000000000e+00
0.000000000000000000e+00
0.000000000000000000e+00
0.000000000000000000e+00
0.000000000000000000e+00
0.000000000000000000e+00
0.000000000000000000e+00
0.000000000000000000e+00
0.000000000000000000e+00
0.000000000000000000e+00
0.000000000000000000e+00
0.000000000000000000e+00
0.000000000000000000e+00
0.000000000000000000e+00
0.000000000000000000e+00
0.000000000000000000e+00
0.000000000000000000e+00
0.000000000000000000e+00
93x5 ensembles written - L=72,p=0.029,omega=0.014