1.435778619999999925e+07
2.849091351999999955e+07
2.835312835999999940e+07
2.820644848000000045e+07
2.805220346400000155e+07
2.789173346400000155e+07
2.772690676799999923e+07
2.755875936800000072e+07
2.738750378400000185e+07
2.721408425600000098e+07
2.703963421599999815e+07
2.686527416000000015e+07
2.669139887999999896e+07
2.651882846400000155e+07
2.634855839999999851e+07
2.618145667999999970e+07
2.601776106399999931e+07
2.585879049599999934e+07
2.570503612000000104e+07
2.555787793600000069e+07
2.541811388800000027e+07
2.528607567999999970e+07
2.516330486400000006e+07
2.504997898400000110e+07
2.494710434400000051e+07
2.485440129600000009e+07
2.477328608799999952e+07
2.470362087999999896e+07
2.464650103999999911e+07
2.460191251199999824e+07
2.456977732800000161e+07
2.455066224799999967e+07
1.227197676799999923e+07
0.000000000000000000e+00
0.000000000000000000e+00
0.000000000000000000e+00
0.000000000000000000e+00
0.000000000000000000e+00
0.000000000000000000e+00
0.000000000000000000e+00
0.000000000000000000e+00
0.000000000000000000e+00
0.000000000000000000e+00
0.000000000000000000e+00
0.000000000000000000e+00
0.000000000000000000e+00
0.000000000000000000e+00
0.000000000000000000e+00
0.000000000000000000e+00
0.000000000000000000e+00
0.000000000000000000e+00
0.000000000000000000e+00
0.000000000000000000e+00
0.000000000000000000e+00
0.000000000000000000e+00
0.000000000000000000e+00
0.000000000000000000e+00
0.000000000000000000e+00
0.000000000000000000e+00
0.000000000000000000e+00
0.000000000000000000e+00
0.000000000000000000e+00
0.000000000000000000e+00
0.000000000000000000e+00
5x50 ensembles written - L=64,p=0.029,omega=0.017