1.370789877333333343e+07
2.713102769333333150e+07
2.697979026666666567e+07
2.684355010000000149e+07
2.672248155999999866e+07
2.661570752666666731e+07
2.652220398000000045e+07
2.644078432000000030e+07
2.636939406666666642e+07
2.630665875333333388e+07
2.625255030000000075e+07
2.620530610000000149e+07
2.616406196000000089e+07
2.612834369333333150e+07
2.609751785333333164e+07
2.607043461333333328e+07
2.604673565333333239e+07
2.602614228666666523e+07
2.600826097333333269e+07
2.599258832666666806e+07
2.597901101999999955e+07
2.596727437999999896e+07
2.595731052666666731e+07
2.594883033999999985e+07
2.594152128666666523e+07
2.593540176000000164e+07
2.593023972666666657e+07
2.592652439333333448e+07
2.592400249333333224e+07
2.592152680000000075e+07
2.591963101333333179e+07
2.591883232666666806e+07
1.295925513333333284e+07
0.000000000000000000e+00
0.000000000000000000e+00
0.000000000000000000e+00
0.000000000000000000e+00
0.000000000000000000e+00
0.000000000000000000e+00
0.000000000000000000e+00
0.000000000000000000e+00
0.000000000000000000e+00
0.000000000000000000e+00
0.000000000000000000e+00
0.000000000000000000e+00
0.000000000000000000e+00
0.000000000000000000e+00
0.000000000000000000e+00
0.000000000000000000e+00
0.000000000000000000e+00
0.000000000000000000e+00
0.000000000000000000e+00
0.000000000000000000e+00
0.000000000000000000e+00
0.000000000000000000e+00
0.000000000000000000e+00
0.000000000000000000e+00
0.000000000000000000e+00
0.000000000000000000e+00
0.000000000000000000e+00
0.000000000000000000e+00
0.000000000000000000e+00
0.000000000000000000e+00
0.000000000000000000e+00
6x50 ensembles written - L=64,p=0.029,omega=0.028