1.462885286666666716e+07
2.904861466666666791e+07
2.891335336666666716e+07
2.876224101999999955e+07
2.859687269999999925e+07
2.841860268666666746e+07
2.822906975333333388e+07
2.802987051333333179e+07
2.782244362000000104e+07
2.760788555999999866e+07
2.738802766000000015e+07
2.716357365333333239e+07
2.693655566666666791e+07
2.670871868666666746e+07
2.648056590666666627e+07
2.625368788666666672e+07
2.603035205999999866e+07
2.581133607333333418e+07
2.559842664666666836e+07
2.539282637333333492e+07
2.519586317999999970e+07
2.500931003999999911e+07
2.483373424666666612e+07
2.467080135999999940e+07
2.452205100666666776e+07
2.438804610666666552e+07
2.426995090666666627e+07
2.416844683333333209e+07
2.408426625333333388e+07
2.401821367999999970e+07
2.397043119333333150e+07
2.394168397333333269e+07
1.196612385333333351e+07
0.000000000000000000e+00
0.000000000000000000e+00
0.000000000000000000e+00
0.000000000000000000e+00
0.000000000000000000e+00
0.000000000000000000e+00
0.000000000000000000e+00
0.000000000000000000e+00
0.000000000000000000e+00
0.000000000000000000e+00
0.000000000000000000e+00
0.000000000000000000e+00
0.000000000000000000e+00
0.000000000000000000e+00
0.000000000000000000e+00
0.000000000000000000e+00
0.000000000000000000e+00
0.000000000000000000e+00
0.000000000000000000e+00
0.000000000000000000e+00
0.000000000000000000e+00
0.000000000000000000e+00
0.000000000000000000e+00
0.000000000000000000e+00
0.000000000000000000e+00
0.000000000000000000e+00
0.000000000000000000e+00
0.000000000000000000e+00
0.000000000000000000e+00
0.000000000000000000e+00
0.000000000000000000e+00
6x50 ensembles written - L=64,p=0.029,omega=0.015