1.986645071555555612e+07
3.941556347111111134e+07
3.923422515111111104e+07
3.905626145777777582e+07
3.888270571555555612e+07
3.871469813777777553e+07
3.855223075555555522e+07
3.839586432888888568e+07
3.824554217333333194e+07
3.810110441777777672e+07
3.796196249333333224e+07
3.782834920888888836e+07
3.770045020000000298e+07
3.757766791111110896e+07
3.746031164444444329e+07
3.734812348444444686e+07
3.724055079999999702e+07
3.713831168444444239e+07
3.704128805333333462e+07
3.694936343555555493e+07
3.686239252000000328e+07
3.678087033777777851e+07
3.670392377333333343e+07
3.663226412444444746e+07
3.656575164888888597e+07
3.650442873333333433e+07
3.644844042666666955e+07
3.639789219555555284e+07
3.635281478666666895e+07
3.631304588444444537e+07
3.627799467999999970e+07
3.624817919555555284e+07
3.622353215555555373e+07
3.620488656888888776e+07
3.619158505333333462e+07
3.618340314666666836e+07
1.809036952888888866e+07
0.000000000000000000e+00
0.000000000000000000e+00
0.000000000000000000e+00
0.000000000000000000e+00
0.000000000000000000e+00
0.000000000000000000e+00
0.000000000000000000e+00
0.000000000000000000e+00
0.000000000000000000e+00
0.000000000000000000e+00
0.000000000000000000e+00
0.000000000000000000e+00
0.000000000000000000e+00
0.000000000000000000e+00
0.000000000000000000e+00
0.000000000000000000e+00
0.000000000000000000e+00
0.000000000000000000e+00
0.000000000000000000e+00
0.000000000000000000e+00
0.000000000000000000e+00
0.000000000000000000e+00
0.000000000000000000e+00
0.000000000000000000e+00
0.000000000000000000e+00
0.000000000000000000e+00
0.000000000000000000e+00
0.000000000000000000e+00
0.000000000000000000e+00
0.000000000000000000e+00
0.000000000000000000e+00
0.000000000000000000e+00
0.000000000000000000e+00
0.000000000000000000e+00
0.000000000000000000e+00
90x5 ensembles written - L=72,p=0.029,omega=0.021