2.091602816421052814e+07
4.157234050526315719e+07
4.140621228210525960e+07
4.122074693052631617e+07
4.101679643789473921e+07
4.079617490947368741e+07
4.056026886315789819e+07
4.031065348210526258e+07
4.004879183157894760e+07
3.977577883789473772e+07
3.949308021052631736e+07
3.920254410947368294e+07
3.890558679157894850e+07
3.860345234947368503e+07
3.829818242105263472e+07
3.799110550315789133e+07
3.768394102315789461e+07
3.737841709894736856e+07
3.707597209684210271e+07
3.677831434947368503e+07
3.648696657684210688e+07
3.620367129684210569e+07
3.592996630736842006e+07
3.566760416842105240e+07
3.541820709052631259e+07
3.518273686315789819e+07
3.496305329263158143e+07
3.475987509473684430e+07
3.457468299368420988e+07
3.440869441263157874e+07
3.426252896842104942e+07
3.413714943999999762e+07
3.403374661052631587e+07
3.395255804631578922e+07
3.389414727578947693e+07
3.385908507368420810e+07
1.692373829052631557e+07
0.000000000000000000e+00
0.000000000000000000e+00
0.000000000000000000e+00
0.000000000000000000e+00
0.000000000000000000e+00
0.000000000000000000e+00
0.000000000000000000e+00
0.000000000000000000e+00
0.000000000000000000e+00
0.000000000000000000e+00
0.000000000000000000e+00
0.000000000000000000e+00
0.000000000000000000e+00
0.000000000000000000e+00
0.000000000000000000e+00
0.000000000000000000e+00
0.000000000000000000e+00
0.000000000000000000e+00
0.000000000000000000e+00
0.000000000000000000e+00
0.000000000000000000e+00
0.000000000000000000e+00
0.000000000000000000e+00
0.000000000000000000e+00
0.000000000000000000e+00
0.000000000000000000e+00
0.000000000000000000e+00
0.000000000000000000e+00
0.000000000000000000e+00
0.000000000000000000e+00
0.000000000000000000e+00
0.000000000000000000e+00
0.000000000000000000e+00
0.000000000000000000e+00
0.000000000000000000e+00
95x5 ensembles written - L=72,p=0.029,omega=0.015