1.392607692666666582e+07
2.759400371999999881e+07
2.744753437333333492e+07
2.730519255333333462e+07
2.716860045333333313e+07
2.703854266666666791e+07
2.691502469333333150e+07
2.679815400666666776e+07
2.668759196666666493e+07
2.658301812000000104e+07
2.648426196666666493e+07
2.639172153999999911e+07
2.630442205333333462e+07
2.622252626000000164e+07
2.614557794000000134e+07
2.607376891333333403e+07
2.600656739333333448e+07
2.594461296666666493e+07
2.588715527333333343e+07
2.583410167999999970e+07
2.578514916000000015e+07
2.574047627333333343e+07
2.569980293333333358e+07
2.566323245333333313e+07
2.563025314666666836e+07
2.560175423999999836e+07
2.557710230666666850e+07
2.555603426000000164e+07
2.553918294666666538e+07
2.552614369333333150e+07
2.551696778666666523e+07
2.551132308666666597e+07
1.275492224666666612e+07
0.000000000000000000e+00
0.000000000000000000e+00
0.000000000000000000e+00
0.000000000000000000e+00
0.000000000000000000e+00
0.000000000000000000e+00
0.000000000000000000e+00
0.000000000000000000e+00
0.000000000000000000e+00
0.000000000000000000e+00
0.000000000000000000e+00
0.000000000000000000e+00
0.000000000000000000e+00
0.000000000000000000e+00
0.000000000000000000e+00
0.000000000000000000e+00
0.000000000000000000e+00
0.000000000000000000e+00
0.000000000000000000e+00
0.000000000000000000e+00
0.000000000000000000e+00
0.000000000000000000e+00
0.000000000000000000e+00
0.000000000000000000e+00
0.000000000000000000e+00
0.000000000000000000e+00
0.000000000000000000e+00
0.000000000000000000e+00
0.000000000000000000e+00
0.000000000000000000e+00
0.000000000000000000e+00
6x50 ensembles written - L=64,p=0.029,omega=0.022