1.388432172000000067e+07
2.750476028000000119e+07
2.735663051999999955e+07
2.721440821999999881e+07
2.707974797333333269e+07
2.695351819333333150e+07
2.683502301333333179e+07
2.672379890666666627e+07
2.662022874666666612e+07
2.652434066000000015e+07
2.643438471333333477e+07
2.635081918666666746e+07
2.627315544000000134e+07
2.620129363333333284e+07
2.613400483333333209e+07
2.607133585999999940e+07
2.601344011333333328e+07
2.595990996666666493e+07
2.591065185333333164e+07
2.586504148000000045e+07
2.582368455333333462e+07
2.578540595333333313e+07
2.575109652666666731e+07
2.572047594666666538e+07
2.569333263333333284e+07
2.566985007999999821e+07
2.564964328666666523e+07
2.563281071999999881e+07
2.561925792000000179e+07
2.560889137333333492e+07
2.560133039333333448e+07
2.559656166666666791e+07
1.279764363333333284e+07
0.000000000000000000e+00
0.000000000000000000e+00
0.000000000000000000e+00
0.000000000000000000e+00
0.000000000000000000e+00
0.000000000000000000e+00
0.000000000000000000e+00
0.000000000000000000e+00
0.000000000000000000e+00
0.000000000000000000e+00
0.000000000000000000e+00
0.000000000000000000e+00
0.000000000000000000e+00
0.000000000000000000e+00
0.000000000000000000e+00
0.000000000000000000e+00
0.000000000000000000e+00
0.000000000000000000e+00
0.000000000000000000e+00
0.000000000000000000e+00
0.000000000000000000e+00
0.000000000000000000e+00
0.000000000000000000e+00
0.000000000000000000e+00
0.000000000000000000e+00
0.000000000000000000e+00
0.000000000000000000e+00
0.000000000000000000e+00
0.000000000000000000e+00
0.000000000000000000e+00
0.000000000000000000e+00
6x50 ensembles written - L=64,p=0.029,omega=0.023