1.962054994782608747e+07
3.890210462608695775e+07
3.871481178260869533e+07
3.853812434782608598e+07
3.837363453478261083e+07
3.822116796521738917e+07
3.808096173478260636e+07
3.795175437391304225e+07
3.783309609565217048e+07
3.772374479130434990e+07
3.762310462173912674e+07
3.753053961304347962e+07
3.744569122608695924e+07
3.736754651304347813e+07
3.729594838260869682e+07
3.722985972173912823e+07
3.716930893913043290e+07
3.711358323043478280e+07
3.706235204782608896e+07
3.701559685652174056e+07
3.697274565652173758e+07
3.693351721739130467e+07
3.689858019130434841e+07
3.686633689565217495e+07
3.683756689999999851e+07
3.681141696086956561e+07
3.678817658260869235e+07
3.676759169130434841e+07
3.674894200434782356e+07
3.673269107826086879e+07
3.671883886521738768e+07
3.670737846521738917e+07
3.669776140869565308e+07
3.669055246086956561e+07
3.668507143478260934e+07
3.668179734782608598e+07
1.834035348695652187e+07
0.000000000000000000e+00
0.000000000000000000e+00
0.000000000000000000e+00
0.000000000000000000e+00
0.000000000000000000e+00
0.000000000000000000e+00
0.000000000000000000e+00
0.000000000000000000e+00
0.000000000000000000e+00
0.000000000000000000e+00
0.000000000000000000e+00
0.000000000000000000e+00
0.000000000000000000e+00
0.000000000000000000e+00
0.000000000000000000e+00
0.000000000000000000e+00
0.000000000000000000e+00
0.000000000000000000e+00
0.000000000000000000e+00
0.000000000000000000e+00
0.000000000000000000e+00
0.000000000000000000e+00
0.000000000000000000e+00
0.000000000000000000e+00
0.000000000000000000e+00
0.000000000000000000e+00
0.000000000000000000e+00
0.000000000000000000e+00
0.000000000000000000e+00
0.000000000000000000e+00
0.000000000000000000e+00
0.000000000000000000e+00
0.000000000000000000e+00
0.000000000000000000e+00
0.000000000000000000e+00
92x5 ensembles written - L=72,p=0.029,omega=0.024