1.482662550666666590e+07
2.945140267999999970e+07
2.931582796000000089e+07
2.915983208666666597e+07
2.898455232000000030e+07
2.879260733999999985e+07
2.858517490666666627e+07
2.836405652666666731e+07
2.813072194666666538e+07
2.788738126666666567e+07
2.763530505999999866e+07
2.737635000000000000e+07
2.711202900666666776e+07
2.684490511333333328e+07
2.657626674666666612e+07
2.630814527333333343e+07
2.604240093333333358e+07
2.578059669999999925e+07
2.552501016000000015e+07
2.527708310666666552e+07
2.503881503999999911e+07
2.481230888666666672e+07
2.459923109333333373e+07
2.440082354666666687e+07
2.421853930666666850e+07
2.405424927333333343e+07
2.390897145333333313e+07
2.378382377333333343e+07
2.368018139333333448e+07
2.359818018666666746e+07
2.353937587999999896e+07
2.350389718666666746e+07
1.174612833999999985e+07
0.000000000000000000e+00
0.000000000000000000e+00
0.000000000000000000e+00
0.000000000000000000e+00
0.000000000000000000e+00
0.000000000000000000e+00
0.000000000000000000e+00
0.000000000000000000e+00
0.000000000000000000e+00
0.000000000000000000e+00
0.000000000000000000e+00
0.000000000000000000e+00
0.000000000000000000e+00
0.000000000000000000e+00
0.000000000000000000e+00
0.000000000000000000e+00
0.000000000000000000e+00
0.000000000000000000e+00
0.000000000000000000e+00
0.000000000000000000e+00
0.000000000000000000e+00
0.000000000000000000e+00
0.000000000000000000e+00
0.000000000000000000e+00
0.000000000000000000e+00
0.000000000000000000e+00
0.000000000000000000e+00
0.000000000000000000e+00
0.000000000000000000e+00
0.000000000000000000e+00
0.000000000000000000e+00
6x50 ensembles written - L=64,p=0.029,omega=0.014