1.373204570399999991e+07
2.718302233599999920e+07
2.703286239999999851e+07
2.689599361600000039e+07
2.677238923200000077e+07
2.666288864799999818e+07
2.656554190399999917e+07
2.647921498400000110e+07
2.640317900800000131e+07
2.633610821599999815e+07
2.627641031199999899e+07
2.622381216000000015e+07
2.617722873600000143e+07
2.613610422399999946e+07
2.609982499199999869e+07
2.606776543200000003e+07
2.603984045600000024e+07
2.601544308799999952e+07
2.599374975200000033e+07
2.597448932800000161e+07
2.595736463199999928e+07
2.594277138399999961e+07
2.592983131199999899e+07
2.591878952800000086e+07
2.590914413599999994e+07
2.590089251999999955e+07
2.589356977600000054e+07
2.588781001599999890e+07
2.588345017599999905e+07
2.587971455999999866e+07
2.587682730400000140e+07
2.587540912799999863e+07
1.293731100000000000e+07
0.000000000000000000e+00
0.000000000000000000e+00
0.000000000000000000e+00
0.000000000000000000e+00
0.000000000000000000e+00
0.000000000000000000e+00
0.000000000000000000e+00
0.000000000000000000e+00
0.000000000000000000e+00
0.000000000000000000e+00
0.000000000000000000e+00
0.000000000000000000e+00
0.000000000000000000e+00
0.000000000000000000e+00
0.000000000000000000e+00
0.000000000000000000e+00
0.000000000000000000e+00
0.000000000000000000e+00
0.000000000000000000e+00
0.000000000000000000e+00
0.000000000000000000e+00
0.000000000000000000e+00
0.000000000000000000e+00
0.000000000000000000e+00
0.000000000000000000e+00
0.000000000000000000e+00
0.000000000000000000e+00
0.000000000000000000e+00
0.000000000000000000e+00
0.000000000000000000e+00
0.000000000000000000e+00
5x50 ensembles written - L=64,p=0.029,omega=0.027