1.449606143999999948e+07
2.877490364000000060e+07
2.863833115333333239e+07
2.848917592000000179e+07
2.832890806666666642e+07
2.815980200666666776e+07
2.798261291333333403e+07
2.779874042666666582e+07
2.760956376000000164e+07
2.741553336666666716e+07
2.721820192666666582e+07
2.701831505999999866e+07
2.681700116666666791e+07
2.661569305999999866e+07
2.641575871999999881e+07
2.621827619333333150e+07
2.602436887333333492e+07
2.583484951333333179e+07
2.565126816666666791e+07
2.547431214666666836e+07
2.530537084666666761e+07
2.514525264666666836e+07
2.499591520666666701e+07
2.485714873999999836e+07
2.473050430000000075e+07
2.461680755333333462e+07
2.451676350666666776e+07
2.443067197333333269e+07
2.435935539333333448e+07
2.430333191333333403e+07
2.426321036666666716e+07
2.423918383333333209e+07
1.211560619999999925e+07
0.000000000000000000e+00
0.000000000000000000e+00
0.000000000000000000e+00
0.000000000000000000e+00
0.000000000000000000e+00
0.000000000000000000e+00
0.000000000000000000e+00
0.000000000000000000e+00
0.000000000000000000e+00
0.000000000000000000e+00
0.000000000000000000e+00
0.000000000000000000e+00
0.000000000000000000e+00
0.000000000000000000e+00
0.000000000000000000e+00
0.000000000000000000e+00
0.000000000000000000e+00
0.000000000000000000e+00
0.000000000000000000e+00
0.000000000000000000e+00
0.000000000000000000e+00
0.000000000000000000e+00
0.000000000000000000e+00
0.000000000000000000e+00
0.000000000000000000e+00
0.000000000000000000e+00
0.000000000000000000e+00
0.000000000000000000e+00
0.000000000000000000e+00
0.000000000000000000e+00
0.000000000000000000e+00
6x50 ensembles written - L=64,p=0.029,omega=0.016