1.400027336666666716e+07
2.774825982000000030e+07
2.760313800666666776e+07
2.745931596666666493e+07
2.731873238666666672e+07
2.718229603333333507e+07
2.705037564000000060e+07
2.692366153999999911e+07
2.680151354666666687e+07
2.668420992000000179e+07
2.657224823333333433e+07
2.646503835333333164e+07
2.636292316666666791e+07
2.626563430000000075e+07
2.617366716000000015e+07
2.608676523999999836e+07
2.600436704666666687e+07
2.592647566666666791e+07
2.585332442666666582e+07
2.578487841333333403e+07
2.572148840666666627e+07
2.566354668666666746e+07
2.561023508666666597e+07
2.556175074666666612e+07
2.551825728000000119e+07
2.547979626666666567e+07
2.544651770666666701e+07
2.541825980666666850e+07
2.539562066666666791e+07
2.537791426000000164e+07
2.536524235333333164e+07
2.535758442000000179e+07
1.267748808000000007e+07
0.000000000000000000e+00
0.000000000000000000e+00
0.000000000000000000e+00
0.000000000000000000e+00
0.000000000000000000e+00
0.000000000000000000e+00
0.000000000000000000e+00
0.000000000000000000e+00
0.000000000000000000e+00
0.000000000000000000e+00
0.000000000000000000e+00
0.000000000000000000e+00
0.000000000000000000e+00
0.000000000000000000e+00
0.000000000000000000e+00
0.000000000000000000e+00
0.000000000000000000e+00
0.000000000000000000e+00
0.000000000000000000e+00
0.000000000000000000e+00
0.000000000000000000e+00
0.000000000000000000e+00
0.000000000000000000e+00
0.000000000000000000e+00
0.000000000000000000e+00
0.000000000000000000e+00
0.000000000000000000e+00
0.000000000000000000e+00
0.000000000000000000e+00
0.000000000000000000e+00
0.000000000000000000e+00
6x50 ensembles written - L=64,p=0.029,omega=0.021