1.999541817204301059e+07
3.968207258494623750e+07
3.950310143225806206e+07
3.932375594408602268e+07
3.914581944086021185e+07
3.897041354408602417e+07
3.879783419354838878e+07
3.862869430967742205e+07
3.846337367311827838e+07
3.830153837849462032e+07
3.814351701935483515e+07
3.798953999139785022e+07
3.783961322150537372e+07
3.769415157419354469e+07
3.755279879139784724e+07
3.741616242580645531e+07
3.728403019354838878e+07
3.715724882150537521e+07
3.703527464086021483e+07
3.691891224516128749e+07
3.680816163010752946e+07
3.670290929032257944e+07
3.660358071827957034e+07
3.651033266236559302e+07
3.642396233978494257e+07
3.634352163440860063e+07
3.626953531182795763e+07
3.620240936774193496e+07
3.614200568602150679e+07
3.608825500215053558e+07
3.604174220215053856e+07
3.600202898064516485e+07
3.596971116129032522e+07
3.594441129892472923e+07
3.592608957849462330e+07
3.591521485591398180e+07
1.795565768172043189e+07
0.000000000000000000e+00
0.000000000000000000e+00
0.000000000000000000e+00
0.000000000000000000e+00
0.000000000000000000e+00
0.000000000000000000e+00
0.000000000000000000e+00
0.000000000000000000e+00
0.000000000000000000e+00
0.000000000000000000e+00
0.000000000000000000e+00
0.000000000000000000e+00
0.000000000000000000e+00
0.000000000000000000e+00
0.000000000000000000e+00
0.000000000000000000e+00
0.000000000000000000e+00
0.000000000000000000e+00
0.000000000000000000e+00
0.000000000000000000e+00
0.000000000000000000e+00
0.000000000000000000e+00
0.000000000000000000e+00
0.000000000000000000e+00
0.000000000000000000e+00
0.000000000000000000e+00
0.000000000000000000e+00
0.000000000000000000e+00
0.000000000000000000e+00
0.000000000000000000e+00
0.000000000000000000e+00
0.000000000000000000e+00
0.000000000000000000e+00
0.000000000000000000e+00
0.000000000000000000e+00
93x5 ensembles written - L=72,p=0.029,omega=0.02