1.975708424516129121e+07
3.918896522580645233e+07
3.900594996989247203e+07
3.882855019784945995e+07
3.865853400000000000e+07
3.849702484301075339e+07
3.834362748817203939e+07
3.819836115698924661e+07
3.806091238709677756e+07
3.793126894623655826e+07
3.780881106236559153e+07
3.769302790967741609e+07
3.758359446881720424e+07
3.748058947526881844e+07
3.738332438279569894e+07
3.729122193118279427e+07
3.720453415913978219e+07
3.712313950107526779e+07
3.704677017634408921e+07
3.697528892473118007e+07
3.690861428387096524e+07
3.684638336774193496e+07
3.678864767741935700e+07
3.673539123440860212e+07
3.668583104516129196e+07
3.664082884731182456e+07
3.659992726881720126e+07
3.656306523010752350e+07
3.653005210752688348e+07
3.650124876559139788e+07
3.647677783225806803e+07
3.645612691612903029e+07
3.643931586666666716e+07
3.642651314838709682e+07
3.641724885161290318e+07
3.641138058494623750e+07
1.820486652043010667e+07
0.000000000000000000e+00
0.000000000000000000e+00
0.000000000000000000e+00
0.000000000000000000e+00
0.000000000000000000e+00
0.000000000000000000e+00
0.000000000000000000e+00
0.000000000000000000e+00
0.000000000000000000e+00
0.000000000000000000e+00
0.000000000000000000e+00
0.000000000000000000e+00
0.000000000000000000e+00
0.000000000000000000e+00
0.000000000000000000e+00
0.000000000000000000e+00
0.000000000000000000e+00
0.000000000000000000e+00
0.000000000000000000e+00
0.000000000000000000e+00
0.000000000000000000e+00
0.000000000000000000e+00
0.000000000000000000e+00
0.000000000000000000e+00
0.000000000000000000e+00
0.000000000000000000e+00
0.000000000000000000e+00
0.000000000000000000e+00
0.000000000000000000e+00
0.000000000000000000e+00
0.000000000000000000e+00
0.000000000000000000e+00
0.000000000000000000e+00
0.000000000000000000e+00
0.000000000000000000e+00
93x5 ensembles written - L=72,p=0.029,omega=0.022