1.968261730000000075e+07
3.903285670434782654e+07
3.884768938260869682e+07
3.867002780434782803e+07
3.850260341739130765e+07
3.834587692173913121e+07
3.819932386956521869e+07
3.806274191739130765e+07
3.793548521304348111e+07
3.781621796956522018e+07
3.770552384782608598e+07
3.760210672608695924e+07
3.750570454347825795e+07
3.741580385217390954e+07
3.733203038695652038e+07
3.725405180869565159e+07
3.718193111304347962e+07
3.711507896521738917e+07
3.705294232608695328e+07
3.699522064347825944e+07
3.694209797826086730e+07
3.689303443913043290e+07
3.684795589130435139e+07
3.680663719565217197e+07
3.676912560434782505e+07
3.673503576521739364e+07
3.670424765217391402e+07
3.667672910000000149e+07
3.665209338695652038e+07
3.663053037826087326e+07
3.661225546956522018e+07
3.659688179130434990e+07
3.658432128260869533e+07
3.657464315652173758e+07
3.656731859565217048e+07
3.656311966956521571e+07
1.828093793043478206e+07
0.000000000000000000e+00
0.000000000000000000e+00
0.000000000000000000e+00
0.000000000000000000e+00
0.000000000000000000e+00
0.000000000000000000e+00
0.000000000000000000e+00
0.000000000000000000e+00
0.000000000000000000e+00
0.000000000000000000e+00
0.000000000000000000e+00
0.000000000000000000e+00
0.000000000000000000e+00
0.000000000000000000e+00
0.000000000000000000e+00
0.000000000000000000e+00
0.000000000000000000e+00
0.000000000000000000e+00
0.000000000000000000e+00
0.000000000000000000e+00
0.000000000000000000e+00
0.000000000000000000e+00
0.000000000000000000e+00
0.000000000000000000e+00
0.000000000000000000e+00
0.000000000000000000e+00
0.000000000000000000e+00
0.000000000000000000e+00
0.000000000000000000e+00
0.000000000000000000e+00
0.000000000000000000e+00
0.000000000000000000e+00
0.000000000000000000e+00
0.000000000000000000e+00
0.000000000000000000e+00
92x5 ensembles written - L=72,p=0.029,omega=0.023