1.951454781075268984e+07
3.867852514838709682e+07
3.848911870537634194e+07
3.831424188387096673e+07
3.815553203870967776e+07
3.801247336774193496e+07
3.788413363870967925e+07
3.776911750107526779e+07
3.766616122580645233e+07
3.757422940215053409e+07
3.749222542795699090e+07
3.741901533763440698e+07
3.735352977634408325e+07
3.729507824946236610e+07
3.724330206451612711e+07
3.719651884731182456e+07
3.715540509677419066e+07
3.711836564301075041e+07
3.708506990967741609e+07
3.705552982795698941e+07
3.702919282580645382e+07
3.700545179784946144e+07
3.698471666236559302e+07
3.696667301505376399e+07
3.695099012473118305e+07
3.693699944946236908e+07
3.692414775913978368e+07
3.691324958709677309e+07
3.690386651182796061e+07
3.689620695913978666e+07
3.688932293333332986e+07
3.688351098064516485e+07
3.687885553118279576e+07
3.687580498064516485e+07
3.687346420645160973e+07
3.687240240430107713e+07
1.843582336774193496e+07
0.000000000000000000e+00
0.000000000000000000e+00
0.000000000000000000e+00
0.000000000000000000e+00
0.000000000000000000e+00
0.000000000000000000e+00
0.000000000000000000e+00
0.000000000000000000e+00
0.000000000000000000e+00
0.000000000000000000e+00
0.000000000000000000e+00
0.000000000000000000e+00
0.000000000000000000e+00
0.000000000000000000e+00
0.000000000000000000e+00
0.000000000000000000e+00
0.000000000000000000e+00
0.000000000000000000e+00
0.000000000000000000e+00
0.000000000000000000e+00
0.000000000000000000e+00
0.000000000000000000e+00
0.000000000000000000e+00
0.000000000000000000e+00
0.000000000000000000e+00
0.000000000000000000e+00
0.000000000000000000e+00
0.000000000000000000e+00
0.000000000000000000e+00
0.000000000000000000e+00
0.000000000000000000e+00
0.000000000000000000e+00
0.000000000000000000e+00
0.000000000000000000e+00
0.000000000000000000e+00
93x5 ensembles written - L=72,p=0.029,omega=0.026