1.379630532799999975e+07
2.731951813599999994e+07
2.716976172800000012e+07
2.702960989600000158e+07
2.690022742399999872e+07
2.678241747199999914e+07
2.667519328000000119e+07
2.657779430400000140e+07
2.648986826399999857e+07
2.641007684800000116e+07
2.633763907999999821e+07
2.627221234400000051e+07
2.621216007999999821e+07
2.615797518400000036e+07
2.610891503200000152e+07
2.606464713599999994e+07
2.602481420800000057e+07
2.598868815199999884e+07
2.595606559200000018e+07
2.592651177600000054e+07
2.590026143200000003e+07
2.587676860799999908e+07
2.585616854399999976e+07
2.583806873600000143e+07
2.582210831199999899e+07
2.580832862400000170e+07
2.579672830400000140e+07
2.578747292000000179e+07
2.577979113599999994e+07
2.577398579199999943e+07
2.576985427199999988e+07
2.576747714400000125e+07
1.288338491200000048e+07
0.000000000000000000e+00
0.000000000000000000e+00
0.000000000000000000e+00
0.000000000000000000e+00
0.000000000000000000e+00
0.000000000000000000e+00
0.000000000000000000e+00
0.000000000000000000e+00
0.000000000000000000e+00
0.000000000000000000e+00
0.000000000000000000e+00
0.000000000000000000e+00
0.000000000000000000e+00
0.000000000000000000e+00
0.000000000000000000e+00
0.000000000000000000e+00
0.000000000000000000e+00
0.000000000000000000e+00
0.000000000000000000e+00
0.000000000000000000e+00
0.000000000000000000e+00
0.000000000000000000e+00
0.000000000000000000e+00
0.000000000000000000e+00
0.000000000000000000e+00
0.000000000000000000e+00
0.000000000000000000e+00
0.000000000000000000e+00
0.000000000000000000e+00
0.000000000000000000e+00
0.000000000000000000e+00
5x50 ensembles written - L=64,p=0.029,omega=0.025