1.956182814945054799e+07
3.877827789450549334e+07
3.858987573186813295e+07
3.841408329670329392e+07
3.825215626373626292e+07
3.810444730989010632e+07
3.797034025934065878e+07
3.784837618901099265e+07
3.773806114285714179e+07
3.763867475164835155e+07
3.754831939340659231e+07
3.746672505494505167e+07
3.739270276923076808e+07
3.732568772307692468e+07
3.726483818021977693e+07
3.720956540659340471e+07
3.715985318241757900e+07
3.711424665494505316e+07
3.707300909450549632e+07
3.703595586373626441e+07
3.700298807912088186e+07
3.697308731868132204e+07
3.694619826373626292e+07
3.692185034725274891e+07
3.690038820659340918e+07
3.688121886153846234e+07
3.686427589450549334e+07
3.684947243516483158e+07
3.683653504175823927e+07
3.682549678241758049e+07
3.681613433406593651e+07
3.680830738461538404e+07
3.680203512087912112e+07
3.679701159560439736e+07
3.679367509890110046e+07
3.679163771428571641e+07
1.839546320879120752e+07
0.000000000000000000e+00
0.000000000000000000e+00
0.000000000000000000e+00
0.000000000000000000e+00
0.000000000000000000e+00
0.000000000000000000e+00
0.000000000000000000e+00
0.000000000000000000e+00
0.000000000000000000e+00
0.000000000000000000e+00
0.000000000000000000e+00
0.000000000000000000e+00
0.000000000000000000e+00
0.000000000000000000e+00
0.000000000000000000e+00
0.000000000000000000e+00
0.000000000000000000e+00
0.000000000000000000e+00
0.000000000000000000e+00
0.000000000000000000e+00
0.000000000000000000e+00
0.000000000000000000e+00
0.000000000000000000e+00
0.000000000000000000e+00
0.000000000000000000e+00
0.000000000000000000e+00
0.000000000000000000e+00
0.000000000000000000e+00
0.000000000000000000e+00
0.000000000000000000e+00
0.000000000000000000e+00
0.000000000000000000e+00
0.000000000000000000e+00
0.000000000000000000e+00
0.000000000000000000e+00
91x5 ensembles written - L=72,p=0.029,omega=0.025