1.947691470107526705e+07
3.859835459354838729e+07
3.840860107096774131e+07
3.823541486451613158e+07
3.808018168602150679e+07
3.794228552688171715e+07
3.782013655913978815e+07
3.771230711827956885e+07
3.761719150537634641e+07
3.753314323870968074e+07
3.745888825376343727e+07
3.739325524301075190e+07
3.733499443870967627e+07
3.728335052903226018e+07
3.723759799139785022e+07
3.719684304516129196e+07
3.716067095913978666e+07
3.712894126881720126e+07
3.710097122150537372e+07
3.707596864946236461e+07
3.705353267526881397e+07
3.703385119139784575e+07
3.701674296344085783e+07
3.700158482150537521e+07
3.698786370752688497e+07
3.697594437849462032e+07
3.696526695053763688e+07
3.695590677849462628e+07
3.694798412043010443e+07
3.694096870537634194e+07
3.693496822795698792e+07
3.692991841290322691e+07
3.692595288172043115e+07
3.692329504946236312e+07
3.692174628387096524e+07
3.692095336774193496e+07
1.846030701935483888e+07
0.000000000000000000e+00
0.000000000000000000e+00
0.000000000000000000e+00
0.000000000000000000e+00
0.000000000000000000e+00
0.000000000000000000e+00
0.000000000000000000e+00
0.000000000000000000e+00
0.000000000000000000e+00
0.000000000000000000e+00
0.000000000000000000e+00
0.000000000000000000e+00
0.000000000000000000e+00
0.000000000000000000e+00
0.000000000000000000e+00
0.000000000000000000e+00
0.000000000000000000e+00
0.000000000000000000e+00
0.000000000000000000e+00
0.000000000000000000e+00
0.000000000000000000e+00
0.000000000000000000e+00
0.000000000000000000e+00
0.000000000000000000e+00
0.000000000000000000e+00
0.000000000000000000e+00
0.000000000000000000e+00
0.000000000000000000e+00
0.000000000000000000e+00
0.000000000000000000e+00
0.000000000000000000e+00
0.000000000000000000e+00
0.000000000000000000e+00
0.000000000000000000e+00
0.000000000000000000e+00
93x5 ensembles written - L=72,p=0.029,omega=0.027