2.012828487912087888e+07
3.995684406153845787e+07
3.978113985934066027e+07
3.960181157802198082e+07
3.942063505934065580e+07
3.923871462417582422e+07
3.905712330109889805e+07
3.887598917802197486e+07
3.869625363956043869e+07
3.851770104175823927e+07
3.834099445714285970e+07
3.816614644395604730e+07
3.799443340219780058e+07
3.782533542417582124e+07
3.765971349010989070e+07
3.749754015384615213e+07
3.733986613626373559e+07
3.718683298901098967e+07
3.703865258021978289e+07
3.689593738901098818e+07
3.675931515164835006e+07
3.662857266813186556e+07
3.650445135824175924e+07
3.638722820219780505e+07
3.627680218021977693e+07
3.617416816263736039e+07
3.607925984175824374e+07
3.599249716043955833e+07
3.591433691428571194e+07
3.584429916923076659e+07
3.578339831648351997e+07
3.573149517362637073e+07
3.568854700659340620e+07
3.565499694505494833e+07
3.563099395604395866e+07
3.561656099340659380e+07
1.780592711208791286e+07
0.000000000000000000e+00
0.000000000000000000e+00
0.000000000000000000e+00
0.000000000000000000e+00
0.000000000000000000e+00
0.000000000000000000e+00
0.000000000000000000e+00
0.000000000000000000e+00
0.000000000000000000e+00
0.000000000000000000e+00
0.000000000000000000e+00
0.000000000000000000e+00
0.000000000000000000e+00
0.000000000000000000e+00
0.000000000000000000e+00
0.000000000000000000e+00
0.000000000000000000e+00
0.000000000000000000e+00
0.000000000000000000e+00
0.000000000000000000e+00
0.000000000000000000e+00
0.000000000000000000e+00
0.000000000000000000e+00
0.000000000000000000e+00
0.000000000000000000e+00
0.000000000000000000e+00
0.000000000000000000e+00
0.000000000000000000e+00
0.000000000000000000e+00
0.000000000000000000e+00
0.000000000000000000e+00
0.000000000000000000e+00
0.000000000000000000e+00
0.000000000000000000e+00
0.000000000000000000e+00
91x5 ensembles written - L=72,p=0.029,omega=0.019