1.383417948666666634e+07
2.739975920666666701e+07
2.725112262666666508e+07
2.711025715333333239e+07
2.697832078666666523e+07
2.685640952666666731e+07
2.674359819999999925e+07
2.664041329333333299e+07
2.654495994666666538e+07
2.645763103333333507e+07
2.637788005999999866e+07
2.630355979333333299e+07
2.623577290666666627e+07
2.617397240666666627e+07
2.611746921999999881e+07
2.606537214666666836e+07
2.601761164000000060e+07
2.597376129333333299e+07
2.593440921333333477e+07
2.589861755333333462e+07
2.586622952666666731e+07
2.583719705999999866e+07
2.581147624666666612e+07
2.578869729333333299e+07
2.576850522666666657e+07
2.575115587333333492e+07
2.573628571999999881e+07
2.572325330666666850e+07
2.571314273333333433e+07
2.570517613333333284e+07
2.569998167999999970e+07
2.569671699333333224e+07
1.284790471333333291e+07
0.000000000000000000e+00
0.000000000000000000e+00
0.000000000000000000e+00
0.000000000000000000e+00
0.000000000000000000e+00
0.000000000000000000e+00
0.000000000000000000e+00
0.000000000000000000e+00
0.000000000000000000e+00
0.000000000000000000e+00
0.000000000000000000e+00
0.000000000000000000e+00
0.000000000000000000e+00
0.000000000000000000e+00
0.000000000000000000e+00
0.000000000000000000e+00
0.000000000000000000e+00
0.000000000000000000e+00
0.000000000000000000e+00
0.000000000000000000e+00
0.000000000000000000e+00
0.000000000000000000e+00
0.000000000000000000e+00
0.000000000000000000e+00
0.000000000000000000e+00
0.000000000000000000e+00
0.000000000000000000e+00
0.000000000000000000e+00
0.000000000000000000e+00
0.000000000000000000e+00
0.000000000000000000e+00
6x50 ensembles written - L=64,p=0.029,omega=0.024