1.426032667999999970e+07
2.828855852666666731e+07
2.814866697333333269e+07
2.800267975333333388e+07
2.785221517333333194e+07
2.769845928666666523e+07
2.754235010666666552e+07
2.738481803333333507e+07
2.722657467999999970e+07
2.706861448000000045e+07
2.691090229333333299e+07
2.675441528000000119e+07
2.659974203333333507e+07
2.644738158666666597e+07
2.629810157999999821e+07
2.615243216666666791e+07
2.601092221333333477e+07
2.587454057333333418e+07
2.574359917999999970e+07
2.561870286666666716e+07
2.550070512000000104e+07
2.538992551999999955e+07
2.528673664000000060e+07
2.519164680000000075e+07
2.510520034666666761e+07
2.502783805333333462e+07
2.495974197333333269e+07
2.490162913333333284e+07
2.485350956666666642e+07
2.481586287999999896e+07
2.478855989999999851e+07
2.477205791333333403e+07
1.238338268666666746e+07
0.000000000000000000e+00
0.000000000000000000e+00
0.000000000000000000e+00
0.000000000000000000e+00
0.000000000000000000e+00
0.000000000000000000e+00
0.000000000000000000e+00
0.000000000000000000e+00
0.000000000000000000e+00
0.000000000000000000e+00
0.000000000000000000e+00
0.000000000000000000e+00
0.000000000000000000e+00
0.000000000000000000e+00
0.000000000000000000e+00
0.000000000000000000e+00
0.000000000000000000e+00
0.000000000000000000e+00
0.000000000000000000e+00
0.000000000000000000e+00
0.000000000000000000e+00
0.000000000000000000e+00
0.000000000000000000e+00
0.000000000000000000e+00
0.000000000000000000e+00
0.000000000000000000e+00
0.000000000000000000e+00
0.000000000000000000e+00
0.000000000000000000e+00
0.000000000000000000e+00
0.000000000000000000e+00
6x50 ensembles written - L=64,p=0.029,omega=0.018