1.376030704800000042e+07
2.724358338399999961e+07
2.709304779199999943e+07
2.695406197599999979e+07
2.682753403999999911e+07
2.671374975200000033e+07
2.661203744000000134e+07
2.652054217599999905e+07
2.643877090399999917e+07
2.636560119999999925e+07
2.630015701599999890e+07
2.624169601599999890e+07
2.618918248000000045e+07
2.614256292000000179e+07
2.610089897599999979e+07
2.606369729600000009e+07
2.603104551999999955e+07
2.600144987200000137e+07
2.597555923999999836e+07
2.595264267199999839e+07
2.593207155999999866e+07
2.591431721599999815e+07
2.589880600800000131e+07
2.588519434400000051e+07
2.587345064799999818e+07
2.586332587200000137e+07
2.585469080000000075e+07
2.584777994399999827e+07
2.584185128000000119e+07
2.583742111199999973e+07
2.583481083999999985e+07
2.583278535999999940e+07
1.291616729600000009e+07
0.000000000000000000e+00
0.000000000000000000e+00
0.000000000000000000e+00
0.000000000000000000e+00
0.000000000000000000e+00
0.000000000000000000e+00
0.000000000000000000e+00
0.000000000000000000e+00
0.000000000000000000e+00
0.000000000000000000e+00
0.000000000000000000e+00
0.000000000000000000e+00
0.000000000000000000e+00
0.000000000000000000e+00
0.000000000000000000e+00
0.000000000000000000e+00
0.000000000000000000e+00
0.000000000000000000e+00
0.000000000000000000e+00
0.000000000000000000e+00
0.000000000000000000e+00
0.000000000000000000e+00
0.000000000000000000e+00
0.000000000000000000e+00
0.000000000000000000e+00
0.000000000000000000e+00
0.000000000000000000e+00
0.000000000000000000e+00
0.000000000000000000e+00
0.000000000000000000e+00
0.000000000000000000e+00
5x50 ensembles written - L=64,p=0.029,omega=0.026