1.944459675268817320e+07
3.852963140215053409e+07
3.833895949247311801e+07
3.816710633118279278e+07
3.801502304086021334e+07
3.788109536774193496e+07
3.776405968172042817e+07
3.766214499784946442e+07
3.757310735483870655e+07
3.749524908817204088e+07
3.742678837849462032e+07
3.736670893763440847e+07
3.731462748817203939e+07
3.726915590967741609e+07
3.722888280430107564e+07
3.719381524301075190e+07
3.716331747096773982e+07
3.713645997419355065e+07
3.711302784946236759e+07
3.709213406451612711e+07
3.707365079139784724e+07
3.705739815053763241e+07
3.704342378924731165e+07
3.703068695483870804e+07
3.701947292043010890e+07
3.700974439999999851e+07
3.700162206021505594e+07
3.699426775913978368e+07
3.698800233118279278e+07
3.698263627526881546e+07
3.697837606021505594e+07
3.697492296774193645e+07
3.697200692043010890e+07
3.697005789247311652e+07
3.696891833118279278e+07
3.696803107096774131e+07
1.848368969462365657e+07
0.000000000000000000e+00
0.000000000000000000e+00
0.000000000000000000e+00
0.000000000000000000e+00
0.000000000000000000e+00
0.000000000000000000e+00
0.000000000000000000e+00
0.000000000000000000e+00
0.000000000000000000e+00
0.000000000000000000e+00
0.000000000000000000e+00
0.000000000000000000e+00
0.000000000000000000e+00
0.000000000000000000e+00
0.000000000000000000e+00
0.000000000000000000e+00
0.000000000000000000e+00
0.000000000000000000e+00
0.000000000000000000e+00
0.000000000000000000e+00
0.000000000000000000e+00
0.000000000000000000e+00
0.000000000000000000e+00
0.000000000000000000e+00
0.000000000000000000e+00
0.000000000000000000e+00
0.000000000000000000e+00
0.000000000000000000e+00
0.000000000000000000e+00
0.000000000000000000e+00
0.000000000000000000e+00
0.000000000000000000e+00
0.000000000000000000e+00
0.000000000000000000e+00
0.000000000000000000e+00
93x5 ensembles written - L=72,p=0.029,omega=0.028