1.416990388000000082e+07
2.810093180799999833e+07
2.795930960000000149e+07
2.781416589600000158e+07
2.766729369599999860e+07
2.751974959200000018e+07
2.737207847199999914e+07
2.722544760799999908e+07
2.708020105600000173e+07
2.693655207200000063e+07
2.679533192000000179e+07
2.665627010399999842e+07
2.652022780000000075e+07
2.638676085599999875e+07
2.625725671200000122e+07
2.613183133599999920e+07
2.601044985599999875e+07
2.589400153599999845e+07
2.578267645600000024e+07
2.567720643200000003e+07
2.557778280000000075e+07
2.548467960000000149e+07
2.539822240799999982e+07
2.531871096799999848e+07
2.524661649599999934e+07
2.518244104800000042e+07
2.512615312799999863e+07
2.507843928000000119e+07
2.503900629600000009e+07
2.500800950400000066e+07
2.498600359200000018e+07
2.497287272800000012e+07
1.248421546399999969e+07
0.000000000000000000e+00
0.000000000000000000e+00
0.000000000000000000e+00
0.000000000000000000e+00
0.000000000000000000e+00
0.000000000000000000e+00
0.000000000000000000e+00
0.000000000000000000e+00
0.000000000000000000e+00
0.000000000000000000e+00
0.000000000000000000e+00
0.000000000000000000e+00
0.000000000000000000e+00
0.000000000000000000e+00
0.000000000000000000e+00
0.000000000000000000e+00
0.000000000000000000e+00
0.000000000000000000e+00
0.000000000000000000e+00
0.000000000000000000e+00
0.000000000000000000e+00
0.000000000000000000e+00
0.000000000000000000e+00
0.000000000000000000e+00
0.000000000000000000e+00
0.000000000000000000e+00
0.000000000000000000e+00
0.000000000000000000e+00
0.000000000000000000e+00
0.000000000000000000e+00
0.000000000000000000e+00
5x50 ensembles written - L=64,p=0.029,omega=0.019