2.050746505777777731e+07
4.073463152888888866e+07
4.056342314222222567e+07
4.038040023555555195e+07
4.018758464888888597e+07
3.998601875555555522e+07
3.977716577777777612e+07
3.956183490222222358e+07
3.934116752888888866e+07
3.911602683555555344e+07
3.888716094666666538e+07
3.865570264444444329e+07
3.842298973777777702e+07
3.818960599555555731e+07
3.795633733333333582e+07
3.772492675555555522e+07
3.749603763555555791e+07
3.727029435555555671e+07
3.704922286666666716e+07
3.683331142666666955e+07
3.662373506666667014e+07
3.642143255111110955e+07
3.622725418666666746e+07
3.604185433777777851e+07
3.586661271555555612e+07
3.570170506222222000e+07
3.554822000444444269e+07
3.540689826666666567e+07
3.527821675111111253e+07
3.516322652444444597e+07
3.506221673777777702e+07
3.497574413333333284e+07
3.490455199555555731e+07
3.484872428000000119e+07
3.480861394666666538e+07
3.478429250666666776e+07
1.738819282222222164e+07
0.000000000000000000e+00
0.000000000000000000e+00
0.000000000000000000e+00
0.000000000000000000e+00
0.000000000000000000e+00
0.000000000000000000e+00
0.000000000000000000e+00
0.000000000000000000e+00
0.000000000000000000e+00
0.000000000000000000e+00
0.000000000000000000e+00
0.000000000000000000e+00
0.000000000000000000e+00
0.000000000000000000e+00
0.000000000000000000e+00
0.000000000000000000e+00
0.000000000000000000e+00
0.000000000000000000e+00
0.000000000000000000e+00
0.000000000000000000e+00
0.000000000000000000e+00
0.000000000000000000e+00
0.000000000000000000e+00
0.000000000000000000e+00
0.000000000000000000e+00
0.000000000000000000e+00
0.000000000000000000e+00
0.000000000000000000e+00
0.000000000000000000e+00
0.000000000000000000e+00
0.000000000000000000e+00
0.000000000000000000e+00
0.000000000000000000e+00
0.000000000000000000e+00
0.000000000000000000e+00
90x5 ensembles written - L=72,p=0.029,omega=0.017