2.027789832258064672e+07
4.026543575053763390e+07
4.009212325161290169e+07
3.991179077419354767e+07
3.972633795268817246e+07
3.953647263655913621e+07
3.934375634838709980e+07
3.914871881720430404e+07
3.895220497204300761e+07
3.875459901075268537e+07
3.855654337204301357e+07
3.835909050322580338e+07
3.816257977204301208e+07
3.796755381505376101e+07
3.777473383225806803e+07
3.758505775913978368e+07
3.739880511397849768e+07
3.721707580215054005e+07
3.704007925161290169e+07
3.686863678279569745e+07
3.670295292043010890e+07
3.654413160430107266e+07
3.639225713118279725e+07
3.624834317849462479e+07
3.611298572903225571e+07
3.598593405161290616e+07
3.586840810752688348e+07
3.576052018064516038e+07
3.566288657204300910e+07
3.557582527311827987e+07
3.549981520860215276e+07
3.543465907526881993e+07
3.538114484731182456e+07
3.533962469677419215e+07
3.530954705806451291e+07
3.529157344086021185e+07
1.764269708387096599e+07
0.000000000000000000e+00
0.000000000000000000e+00
0.000000000000000000e+00
0.000000000000000000e+00
0.000000000000000000e+00
0.000000000000000000e+00
0.000000000000000000e+00
0.000000000000000000e+00
0.000000000000000000e+00
0.000000000000000000e+00
0.000000000000000000e+00
0.000000000000000000e+00
0.000000000000000000e+00
0.000000000000000000e+00
0.000000000000000000e+00
0.000000000000000000e+00
0.000000000000000000e+00
0.000000000000000000e+00
0.000000000000000000e+00
0.000000000000000000e+00
0.000000000000000000e+00
0.000000000000000000e+00
0.000000000000000000e+00
0.000000000000000000e+00
0.000000000000000000e+00
0.000000000000000000e+00
0.000000000000000000e+00
0.000000000000000000e+00
0.000000000000000000e+00
0.000000000000000000e+00
0.000000000000000000e+00
0.000000000000000000e+00
0.000000000000000000e+00
0.000000000000000000e+00
0.000000000000000000e+00
93x5 ensembles written - L=72,p=0.029,omega=0.018