2.068244865054944903e+07
4.109548153846153617e+07
4.092763396043956280e+07
4.074449308131868392e+07
4.054783522197802365e+07
4.033877511208791286e+07
4.011869781978022307e+07
3.988933054065933824e+07
3.965124462417582422e+07
3.940577448791208863e+07
3.915414491428571194e+07
3.889737101538461447e+07
3.863677508131868392e+07
3.837363263296703249e+07
3.810921414505494386e+07
3.784485574945054948e+07
3.758177785494505614e+07
3.732082317362637073e+07
3.706379262417582422e+07
3.681153734945055097e+07
3.656600758241758496e+07
3.632780563516483456e+07
3.609841538461538404e+07
3.587881125274725258e+07
3.567033955164834857e+07
3.547435748571428657e+07
3.529140789010988921e+07
3.512254953406593204e+07
3.496912254065933824e+07
3.483150051868131757e+07
3.471092596483516693e+07
3.460752276483516395e+07
3.452223079560439289e+07
3.445549204395604134e+07
3.440751624175824225e+07
3.437869389010988921e+07
1.718446134505494684e+07
0.000000000000000000e+00
0.000000000000000000e+00
0.000000000000000000e+00
0.000000000000000000e+00
0.000000000000000000e+00
0.000000000000000000e+00
0.000000000000000000e+00
0.000000000000000000e+00
0.000000000000000000e+00
0.000000000000000000e+00
0.000000000000000000e+00
0.000000000000000000e+00
0.000000000000000000e+00
0.000000000000000000e+00
0.000000000000000000e+00
0.000000000000000000e+00
0.000000000000000000e+00
0.000000000000000000e+00
0.000000000000000000e+00
0.000000000000000000e+00
0.000000000000000000e+00
0.000000000000000000e+00
0.000000000000000000e+00
0.000000000000000000e+00
0.000000000000000000e+00
0.000000000000000000e+00
0.000000000000000000e+00
0.000000000000000000e+00
0.000000000000000000e+00
0.000000000000000000e+00
0.000000000000000000e+00
0.000000000000000000e+00
0.000000000000000000e+00
0.000000000000000000e+00
0.000000000000000000e+00
91x5 ensembles written - L=72,p=0.029,omega=0.016