72 0.029 0.014 403.41130583299116
72 0.029 0.015 406.1673708636793
72 0.029 0.016 409.8359027640053
72 0.029 0.017 412.69365893945337
72 0.029 0.018 416.2786344474821
72 0.029 0.019 418.6103114861796
72 0.029 0.02 420.73079234603875
72 0.029 0.021 422.68824114419664
72 0.029 0.022 424.34675912913383
72 0.029 0.023 425.47278944711917
72 0.029 0.024 426.371940033816
72 0.029 0.025 427.2007760567741
72 0.029 0.026 427.8319881116759
72 0.029 0.027 428.2508173292082
72 0.029 0.028 428.63773922462633
