64 0.029 0.014 318.66884570562894
64 0.029 0.015 322.1422526343036
64 0.029 0.016 324.5163484566517
64 0.029 0.017 326.98974112824715
64 0.029 0.018 328.7713990330335
64 0.029 0.019 330.3848697521325
64 0.029 0.02 332.3923264090221
64 0.029 0.021 333.46798113003376
64 0.029 0.022 334.7337928633636
64 0.029 0.023 335.45095886388384
64 0.029 0.024 336.2878191251972
64 0.029 0.025 336.8945708658692
64 0.029 0.026 337.46249981572777
64 0.029 0.027 337.8570648517562
64 0.029 0.028 338.23178010581444
