0.001 0.025 2336.147125 6036930.310958334 49450818198333.76
0.006 0.025 2444.2691875 6556015.383229166 56843595374985.766
0.011 0.025 2541.060791666667 7025836.623500001 63532116539581.7
0.016 0.025 2608.367337526205 7366664.330607966 68720764986468.43
0.021 0.025 2671.025166666667 7675598.743500001 73237852370156.11
0.026000000000000002 0.025 2705.770880503145 7844387.584968553 75532804981718.61
0.031 0.025 2732.3471069182388 7978009.7661844855 77379704883341.62
0.036000000000000004 0.025 2729.6862473794545 7952960.422641509 76696425738543.81
0.041 0.025 2764.0664978902955 8121347.506413503 78908074902765.03
0.046 0.025 2728.7234388185652 7929808.036561181 75652251328299.27
0.051000000000000004 0.025 2691.1296624472575 7733415.6460337555 72498816658148.69
0.056 0.025 2646.977575757576 7483064.535757575 68056110722214.48
0.061 0.025 2621.7887606837608 7349311.382478631 65774787756318.53
0.066 0.025 2586.530274261603 7151819.242848101 62299229577312.16
0.07100000000000001 0.025 2509.841295116773 6759199.121889597 56420877160293.2
0.076 0.025 2437.836324786325 6409083.493504273 51493622857888.414
0.081 0.025 2356.9180042462845 6015425.254394905 46002441386885.85
0.08600000000000001 0.025 2304.4039915074313 5764420.591210191 42560244028565.66
0.091 0.025 2216.8516985138003 5351628.199129512 37210472986718.6
0.096 0.025 2149.9214012738853 5057805.810615711 33775526585312.19
