0.001 0.025 2733.9050502706887 8361805.685375097 98791350231116.61
0.006 0.025 2881.420691530692 9202033.782820513 115894458937230.83
0.011 0.025 2999.039160839161 9900756.961864801 131047880405922.23
0.016 0.025 3097.5270784770782 10489874.37940171 143846634338638.1
0.021 0.025 3176.586900858704 10981425.654004686 155129547503334.0
0.026000000000000002 0.025 3227.1091412958626 11289199.807689304 161971050079411.84
0.031 0.025 3251.2551053864167 11438453.09919594 165226147022868.84
0.036000000000000004 0.025 3261.7549685534595 11488163.74927673 165567386622630.25
0.041 0.025 3258.4548627450977 11446293.858407842 163711923269698.88
0.046 0.025 3240.3704627450984 11329172.848454902 160561744988530.78
0.051000000000000004 0.025 3203.802605633803 11069236.881964007 153285858469834.25
0.056 0.025 3161.642392156863 10794526.525733335 146419842172952.84
0.061 0.025 3090.1444470588235 10344449.034031373 135824251443227.84
0.066 0.025 3019.2396549019604 9899904.545662744 125451346465579.47
0.07100000000000001 0.025 2948.7070597484276 9461272.996839624 115453409076986.19
0.076 0.025 2874.6395407759305 9018722.062454473 105896219444857.95
0.081 0.025 2788.400997624703 8512049.59844814 95428393585358.9
0.08600000000000001 0.025 2700.7826398739167 8014860.5415208815 85650930403347.73
0.091 0.025 2607.42462568952 7497231.042545312 76051896209771.4
0.096 0.025 2526.3563270142176 7061202.002345971 68269692307738.55
