0.001 0.025 1552.3125172413793 2590188.8915172415 8323109660004.843
0.006 0.025 1608.5728103448275 2758091.7313275863 9198888024235.48
0.011 0.025 1661.3908620689658 2921975.106 10105835872152.152
0.016 0.025 1693.6943965517241 3022279.5774655174 10653612839205.816
0.021 0.025 1722.6016206896552 3110444.209 11114163592721.262
0.026000000000000002 0.025 1735.2681724137929 3146498.964655173 11277350587671.074
0.031 0.025 1744.8264482758618 3174581.7391724135 11401014043917.744
0.036000000000000004 0.025 1752.928344827586 3196824.852310345 11482818458055.873
0.041 0.025 1745.0162758620688 3167830.6492413795 11272326926605.994
0.046 0.025 1730.0385 3112875.71412069 10880690257253.152
0.051000000000000004 0.025 1715.8738620689658 3062275.073793104 10536992923481.926
0.056 0.025 1697.5106724137931 2999412.0239827586 10131561812686.424
0.061 0.025 1672.8830689655174 2919265.6833103443 9651462230659.162
0.066 0.025 1643.3744107142857 2822964.6424107146 9084667356043.938
0.07100000000000001 0.025 1612.9499827586208 2724752.8935000002 8519529379745.974
0.076 0.025 1580.5864310344828 2624075.8573620687 7969554410590.867
0.081 0.025 1541.331285714286 2504980.1082857144 7347827224346.709
0.08600000000000001 0.025 1505.971551724138 2400261.7497586207 6819773475618.732
0.091 0.025 1469.1100862068968 2290515.7654310344 6268669422530.49
0.096 0.025 1431.8532586206898 2183926.0815 5763937985837.3
