0.001 0.025 1290.32285 1776132.0894 3820833308897.3037
0.006 0.025 1333.4474 1881999.7568599998 4190547523672.9175
0.011 0.025 1368.1485999999998 1968710.8549299997 4498493202774.728
0.016 0.025 1392.2994650000003 2029162.641785 4711322819358.31
0.021 0.025 1410.8625 2075046.06453 4867920723342.008
0.026000000000000002 0.025 1419.2899949999999 2094283.2537550002 4919766227083.841
0.031 0.025 1426.46236 2110205.86426 4959301941739.481
0.036000000000000004 0.025 1425.00848 2103838.0283899996 4914830695322.86
0.041 0.025 1420.890165 2090052.778295 4839325173167.995
0.046 0.025 1410.5297222222218 2059875.4877666668 4702544579315.134
0.051000000000000004 0.025 1395.1780849999998 2017500.8083349997 4525306081383.679
0.056 0.025 1380.7449950000002 1976777.383405 4350951677825.939
0.061 0.025 1360.54848 1923265.1457099998 4142152901402.835
0.066 0.025 1343.1217944444445 1876449.847127778 3957374017241.6606
0.07100000000000001 0.025 1322.13821 1820998.87616 3744129129014.0625
0.076 0.025 1294.33863 1751001.98514 3495877701895.9077
0.081 0.025 1269.0282699999998 1688083.88919 3277437451537.6475
0.08600000000000001 0.025 1239.315095 1615580.895245 3033830150389.115
0.091 0.025 1211.5598249999998 1548579.099835 2813242193754.3457
0.096 0.025 1182.713975 1481269.180415 2604149136656.833
