1.926287069473684207e+07
3.809150258947368711e+07
3.797791477192982286e+07
3.787504341052631289e+07
3.778217941052631289e+07
3.769900578245613724e+07
3.762523783157894760e+07
3.755919774736841768e+07
3.750056971228069812e+07
3.744822122807017714e+07
3.740211512280701846e+07
3.736142653333333135e+07
3.732534213333333284e+07
3.729397712280701846e+07
3.726634534736841917e+07
3.724149985964912176e+07
3.721937112280701846e+07
3.720072924210526049e+07
3.718355975438596308e+07
3.716879102456140518e+07
3.715588905964912474e+07
3.714348889824561775e+07
3.713307082105263323e+07
3.712457203508771956e+07
3.711610846315789223e+07
3.710963127719298005e+07
3.710413108771929890e+07
3.709899256140350550e+07
3.709462862456140667e+07
3.709075465263158083e+07
3.708772146666666865e+07
3.708465943859649450e+07
3.708292480701754242e+07
3.708138607719298452e+07
3.708053169824561477e+07
3.707969428070175648e+07
1.853971430877193063e+07
0.000000000000000000e+00
0.000000000000000000e+00
0.000000000000000000e+00
0.000000000000000000e+00
0.000000000000000000e+00
0.000000000000000000e+00
0.000000000000000000e+00
0.000000000000000000e+00
0.000000000000000000e+00
0.000000000000000000e+00
0.000000000000000000e+00
0.000000000000000000e+00
0.000000000000000000e+00
0.000000000000000000e+00
0.000000000000000000e+00
0.000000000000000000e+00
0.000000000000000000e+00
0.000000000000000000e+00
0.000000000000000000e+00
0.000000000000000000e+00
0.000000000000000000e+00
0.000000000000000000e+00
0.000000000000000000e+00
0.000000000000000000e+00
0.000000000000000000e+00
0.000000000000000000e+00
0.000000000000000000e+00
0.000000000000000000e+00
0.000000000000000000e+00
0.000000000000000000e+00
0.000000000000000000e+00
0.000000000000000000e+00
0.000000000000000000e+00
0.000000000000000000e+00
0.000000000000000000e+00
57x5 ensembles written - L=72,p=0.15,omega=0.03