2.154446790370370448e+07
4.278822020740740746e+07
4.266667179259259254e+07
4.250857816296296567e+07
4.231471348888888955e+07
4.208722668888889253e+07
4.182797103703703731e+07
4.153990051111111045e+07
4.122520161481481791e+07
4.088656504444444180e+07
4.052625202962963283e+07
4.014762342962963134e+07
3.975265894074074179e+07
3.934437933333333582e+07
3.892515294074074179e+07
3.849818677037037164e+07
3.806545809629629552e+07
3.762918427407407761e+07
3.719315654074074328e+07
3.675937910370370001e+07
3.633068761481481791e+07
3.590961800000000000e+07
3.549949144444444776e+07
3.510232599259259552e+07
3.472078782222222537e+07
3.435801570370370150e+07
3.401630114814814925e+07
3.369833894814814627e+07
3.340636220740740746e+07
3.314312308888888732e+07
3.291037992592592537e+07
3.270976802962962911e+07
3.254353651851851866e+07
3.241261788888888806e+07
3.231838557037036866e+07
3.226097969629629701e+07
1.612113248888888955e+07
0.000000000000000000e+00
0.000000000000000000e+00
0.000000000000000000e+00
0.000000000000000000e+00
0.000000000000000000e+00
0.000000000000000000e+00
0.000000000000000000e+00
0.000000000000000000e+00
0.000000000000000000e+00
0.000000000000000000e+00
0.000000000000000000e+00
0.000000000000000000e+00
0.000000000000000000e+00
0.000000000000000000e+00
0.000000000000000000e+00
0.000000000000000000e+00
0.000000000000000000e+00
0.000000000000000000e+00
0.000000000000000000e+00
0.000000000000000000e+00
0.000000000000000000e+00
0.000000000000000000e+00
0.000000000000000000e+00
0.000000000000000000e+00
0.000000000000000000e+00
0.000000000000000000e+00
0.000000000000000000e+00
0.000000000000000000e+00
0.000000000000000000e+00
0.000000000000000000e+00
0.000000000000000000e+00
0.000000000000000000e+00
0.000000000000000000e+00
0.000000000000000000e+00
0.000000000000000000e+00
54x5 ensembles written - L=72,p=0.15,omega=0.015