1.352798319999999925e+07
2.670492297777777910e+07
2.661571019999999925e+07
2.653792489333333448e+07
2.646985818666666746e+07
2.641101883999999985e+07
2.635980177777777612e+07
2.631599306666666642e+07
2.627842012000000104e+07
2.624619110666666552e+07
2.621865101333333179e+07
2.619483262222222239e+07
2.617500179111111164e+07
2.615755252444444597e+07
2.614299624888888747e+07
2.613022110222222283e+07
2.611954737777777761e+07
2.611080719999999925e+07
2.610284585777777806e+07
2.609679155111110955e+07
2.609124446222222224e+07
2.608661858222222328e+07
2.608251935111111030e+07
2.607929697777777910e+07
2.607646498666666821e+07
2.607437083999999985e+07
2.607251780000000075e+07
2.607113764444444329e+07
2.607034544444444403e+07
2.606930671111110970e+07
2.606839730222222209e+07
2.606772801333333179e+07
1.303378022666666657e+07
0.000000000000000000e+00
0.000000000000000000e+00
0.000000000000000000e+00
0.000000000000000000e+00
0.000000000000000000e+00
0.000000000000000000e+00
0.000000000000000000e+00
0.000000000000000000e+00
0.000000000000000000e+00
0.000000000000000000e+00
0.000000000000000000e+00
0.000000000000000000e+00
0.000000000000000000e+00
0.000000000000000000e+00
0.000000000000000000e+00
0.000000000000000000e+00
0.000000000000000000e+00
0.000000000000000000e+00
0.000000000000000000e+00
0.000000000000000000e+00
0.000000000000000000e+00
0.000000000000000000e+00
0.000000000000000000e+00
0.000000000000000000e+00
0.000000000000000000e+00
0.000000000000000000e+00
0.000000000000000000e+00
0.000000000000000000e+00
0.000000000000000000e+00
0.000000000000000000e+00
0.000000000000000000e+00
9x50 ensembles written - L=64,p=0.15,omega=0.033