1.371560171111111157e+07
2.710484953333333507e+07
2.701425741777777672e+07
2.692612191111111268e+07
2.684124615555555373e+07
2.675957030666666850e+07
2.668099552888888866e+07
2.660598167111111060e+07
2.653417885777777806e+07
2.646610860888889059e+07
2.640134865777777880e+07
2.634028937333333492e+07
2.628225810666666552e+07
2.622760392444444448e+07
2.617580288888888806e+07
2.612731992444444448e+07
2.608164736444444582e+07
2.603907683555555716e+07
2.599928671999999881e+07
2.596262877777777612e+07
2.592860593333333358e+07
2.589782192888888717e+07
2.586971444444444403e+07
2.584411377333333343e+07
2.582145486222222075e+07
2.580169088888888806e+07
2.578446484888888896e+07
2.576989387999999896e+07
2.575822789777777717e+07
2.574883757333333418e+07
2.574246081777777895e+07
2.573853565333333239e+07
1.286880322222222202e+07
0.000000000000000000e+00
0.000000000000000000e+00
0.000000000000000000e+00
0.000000000000000000e+00
0.000000000000000000e+00
0.000000000000000000e+00
0.000000000000000000e+00
0.000000000000000000e+00
0.000000000000000000e+00
0.000000000000000000e+00
0.000000000000000000e+00
0.000000000000000000e+00
0.000000000000000000e+00
0.000000000000000000e+00
0.000000000000000000e+00
0.000000000000000000e+00
0.000000000000000000e+00
0.000000000000000000e+00
0.000000000000000000e+00
0.000000000000000000e+00
0.000000000000000000e+00
0.000000000000000000e+00
0.000000000000000000e+00
0.000000000000000000e+00
0.000000000000000000e+00
0.000000000000000000e+00
0.000000000000000000e+00
0.000000000000000000e+00
0.000000000000000000e+00
0.000000000000000000e+00
0.000000000000000000e+00
9x50 ensembles written - L=64,p=0.15,omega=0.0255