1.409325889499999955e+07
2.789104116499999911e+07
2.780015225000000000e+07
2.770181812000000104e+07
2.759685719500000030e+07
2.748534486499999836e+07
2.736765565500000119e+07
2.724584209499999881e+07
2.712019106500000134e+07
2.699180655499999970e+07
2.686110989999999851e+07
2.672948851999999955e+07
2.659701260000000149e+07
2.646495928999999911e+07
2.633457998499999940e+07
2.620572138500000164e+07
2.607925489499999955e+07
2.595645078000000119e+07
2.583745069000000134e+07
2.572302426000000164e+07
2.561396800000000000e+07
2.551117051999999955e+07
2.541490142999999970e+07
2.532649301500000060e+07
2.524571571499999985e+07
2.517300611499999836e+07
2.510913399500000104e+07
2.505448103000000119e+07
2.500946376500000060e+07
2.497381840500000119e+07
2.494841773000000045e+07
2.493311223499999940e+07
1.246409788000000082e+07
0.000000000000000000e+00
0.000000000000000000e+00
0.000000000000000000e+00
0.000000000000000000e+00
0.000000000000000000e+00
0.000000000000000000e+00
0.000000000000000000e+00
0.000000000000000000e+00
0.000000000000000000e+00
0.000000000000000000e+00
0.000000000000000000e+00
0.000000000000000000e+00
0.000000000000000000e+00
0.000000000000000000e+00
0.000000000000000000e+00
0.000000000000000000e+00
0.000000000000000000e+00
0.000000000000000000e+00
0.000000000000000000e+00
0.000000000000000000e+00
0.000000000000000000e+00
0.000000000000000000e+00
0.000000000000000000e+00
0.000000000000000000e+00
0.000000000000000000e+00
0.000000000000000000e+00
0.000000000000000000e+00
0.000000000000000000e+00
0.000000000000000000e+00
0.000000000000000000e+00
0.000000000000000000e+00
8x50 ensembles written - L=64,p=0.15,omega=0.021