1.922892951538461447e+07
3.801803233846154064e+07
3.790511634615384787e+07
3.780491647692307830e+07
3.771651468461538106e+07
3.763868711538461596e+07
3.757011662307692319e+07
3.751006581538461894e+07
3.745758093846154213e+07
3.741157664615384489e+07
3.737186959230769426e+07
3.733748853076922894e+07
3.730804839999999851e+07
3.728250810000000149e+07
3.725992787692307681e+07
3.724010214615384489e+07
3.722426407692307979e+07
3.720913370769231021e+07
3.719662996923077106e+07
3.718591427692307532e+07
3.717559628461538255e+07
3.716729269230769575e+07
3.716085637692307681e+07
3.715410333846154064e+07
3.714901934615384787e+07
3.714448812307692319e+07
3.714017140769230574e+07
3.713743881538461894e+07
3.713441176153846085e+07
3.713139510000000149e+07
3.712918817692307383e+07
3.712757093846154213e+07
3.712623310769230872e+07
3.712556935384615511e+07
3.712492426153846085e+07
3.712468476923076808e+07
1.856243296923077106e+07
0.000000000000000000e+00
0.000000000000000000e+00
0.000000000000000000e+00
0.000000000000000000e+00
0.000000000000000000e+00
0.000000000000000000e+00
0.000000000000000000e+00
0.000000000000000000e+00
0.000000000000000000e+00
0.000000000000000000e+00
0.000000000000000000e+00
0.000000000000000000e+00
0.000000000000000000e+00
0.000000000000000000e+00
0.000000000000000000e+00
0.000000000000000000e+00
0.000000000000000000e+00
0.000000000000000000e+00
0.000000000000000000e+00
0.000000000000000000e+00
0.000000000000000000e+00
0.000000000000000000e+00
0.000000000000000000e+00
0.000000000000000000e+00
0.000000000000000000e+00
0.000000000000000000e+00
0.000000000000000000e+00
0.000000000000000000e+00
0.000000000000000000e+00
0.000000000000000000e+00
0.000000000000000000e+00
0.000000000000000000e+00
0.000000000000000000e+00
0.000000000000000000e+00
0.000000000000000000e+00
52x5 ensembles written - L=72,p=0.15,omega=0.0315