1.392389567555555515e+07
2.754096775111111253e+07
2.745052532444444299e+07
2.735657277333333343e+07
2.726039128000000119e+07
2.716176030222222209e+07
2.706119403111111000e+07
2.695961197333333269e+07
2.685729735555555671e+07
2.675487413777777925e+07
2.665291622222222388e+07
2.655204622666666657e+07
2.645271476444444433e+07
2.635482325777777657e+07
2.625891695111111179e+07
2.616595000444444269e+07
2.607594602666666731e+07
2.598931176888889074e+07
2.590622540888888761e+07
2.582731837777777761e+07
2.575281069777777791e+07
2.568281221777777746e+07
2.561819508444444463e+07
2.555898914222222194e+07
2.550481651111111045e+07
2.545681703555555642e+07
2.541456115111111104e+07
2.537864331555555388e+07
2.534913547555555403e+07
2.532565159555555508e+07
2.530859362666666508e+07
2.529866362222222239e+07
1.264785091111111082e+07
0.000000000000000000e+00
0.000000000000000000e+00
0.000000000000000000e+00
0.000000000000000000e+00
0.000000000000000000e+00
0.000000000000000000e+00
0.000000000000000000e+00
0.000000000000000000e+00
0.000000000000000000e+00
0.000000000000000000e+00
0.000000000000000000e+00
0.000000000000000000e+00
0.000000000000000000e+00
0.000000000000000000e+00
0.000000000000000000e+00
0.000000000000000000e+00
0.000000000000000000e+00
0.000000000000000000e+00
0.000000000000000000e+00
0.000000000000000000e+00
0.000000000000000000e+00
0.000000000000000000e+00
0.000000000000000000e+00
0.000000000000000000e+00
0.000000000000000000e+00
0.000000000000000000e+00
0.000000000000000000e+00
0.000000000000000000e+00
0.000000000000000000e+00
0.000000000000000000e+00
0.000000000000000000e+00
9x50 ensembles written - L=64,p=0.15,omega=0.0225