1.354727738000000082e+07
2.674687413500000164e+07
2.665715628500000015e+07
2.657745533999999985e+07
2.650708623999999836e+07
2.644472202499999851e+07
2.639006539999999851e+07
2.634240962999999896e+07
2.630037692500000075e+07
2.626382871499999985e+07
2.623233687500000000e+07
2.620464012500000000e+07
2.618067996499999985e+07
2.615974117500000075e+07
2.614157001999999955e+07
2.612578432999999821e+07
2.611248657999999821e+07
2.610071098499999940e+07
2.609091248999999836e+07
2.608220027499999851e+07
2.607469185500000045e+07
2.606855269000000134e+07
2.606257401000000164e+07
2.605812387000000104e+07
2.605407873999999836e+07
2.605060560500000045e+07
2.604784136499999836e+07
2.604582609499999881e+07
2.604374455999999866e+07
2.604266016000000015e+07
2.604185675000000000e+07
2.604131411499999836e+07
1.302061528999999911e+07
0.000000000000000000e+00
0.000000000000000000e+00
0.000000000000000000e+00
0.000000000000000000e+00
0.000000000000000000e+00
0.000000000000000000e+00
0.000000000000000000e+00
0.000000000000000000e+00
0.000000000000000000e+00
0.000000000000000000e+00
0.000000000000000000e+00
0.000000000000000000e+00
0.000000000000000000e+00
0.000000000000000000e+00
0.000000000000000000e+00
0.000000000000000000e+00
0.000000000000000000e+00
0.000000000000000000e+00
0.000000000000000000e+00
0.000000000000000000e+00
0.000000000000000000e+00
0.000000000000000000e+00
0.000000000000000000e+00
0.000000000000000000e+00
0.000000000000000000e+00
0.000000000000000000e+00
0.000000000000000000e+00
0.000000000000000000e+00
0.000000000000000000e+00
0.000000000000000000e+00
0.000000000000000000e+00
8x50 ensembles written - L=64,p=0.15,omega=0.0315