1.380479190222222172e+07
2.729204456888888776e+07
2.720157139111110941e+07
2.711092131111111119e+07
2.702102054666666687e+07
2.693159568444444612e+07
2.684347944444444403e+07
2.675693288888888806e+07
2.667188230666666850e+07
2.658878187555555627e+07
2.650764292000000179e+07
2.642909222222222388e+07
2.635316960000000149e+07
2.627983003555555642e+07
2.620920068444444612e+07
2.614177701777777821e+07
2.607730135999999940e+07
2.601574932888888940e+07
2.595797630222222209e+07
2.590387742222222313e+07
2.585308586666666716e+07
2.580583223999999836e+07
2.576268964888888970e+07
2.572307604888888821e+07
2.568744426666666567e+07
2.565550565333333239e+07
2.562792946222222224e+07
2.560445822222222388e+07
2.558494207999999821e+07
2.556994885777777806e+07
2.555913785777777806e+07
2.555285821777777746e+07
1.277525276444444433e+07
0.000000000000000000e+00
0.000000000000000000e+00
0.000000000000000000e+00
0.000000000000000000e+00
0.000000000000000000e+00
0.000000000000000000e+00
0.000000000000000000e+00
0.000000000000000000e+00
0.000000000000000000e+00
0.000000000000000000e+00
0.000000000000000000e+00
0.000000000000000000e+00
0.000000000000000000e+00
0.000000000000000000e+00
0.000000000000000000e+00
0.000000000000000000e+00
0.000000000000000000e+00
0.000000000000000000e+00
0.000000000000000000e+00
0.000000000000000000e+00
0.000000000000000000e+00
0.000000000000000000e+00
0.000000000000000000e+00
0.000000000000000000e+00
0.000000000000000000e+00
0.000000000000000000e+00
0.000000000000000000e+00
0.000000000000000000e+00
0.000000000000000000e+00
0.000000000000000000e+00
0.000000000000000000e+00
9x50 ensembles written - L=64,p=0.15,omega=0.024