1.931365860000000149e+07
3.819916449444444478e+07
3.808506477777777612e+07
3.798013125555555522e+07
3.788327873333333433e+07
3.779479607777778059e+07
3.771332334444444627e+07
3.763936310555555671e+07
3.757194170000000298e+07
3.751101991111110896e+07
3.745606419444444776e+07
3.740628028888888657e+07
3.736068717777777463e+07
3.732016219444444776e+07
3.728300417222221941e+07
3.724974088333333284e+07
3.721955232777778059e+07
3.719259736666666716e+07
3.716791332777778059e+07
3.714616875555555522e+07
3.712648995555555820e+07
3.710875696666666865e+07
3.709300250000000000e+07
3.707891135555555671e+07
3.706644991111110896e+07
3.705504463333333284e+07
3.704525762777777761e+07
3.703605977222222090e+07
3.702794857777778059e+07
3.702140346666666865e+07
3.701560204999999702e+07
3.701067495555555820e+07
3.700700697222222388e+07
3.700398817222221941e+07
3.700184320555555820e+07
3.700048459444444627e+07
1.849996259444444627e+07
0.000000000000000000e+00
0.000000000000000000e+00
0.000000000000000000e+00
0.000000000000000000e+00
0.000000000000000000e+00
0.000000000000000000e+00
0.000000000000000000e+00
0.000000000000000000e+00
0.000000000000000000e+00
0.000000000000000000e+00
0.000000000000000000e+00
0.000000000000000000e+00
0.000000000000000000e+00
0.000000000000000000e+00
0.000000000000000000e+00
0.000000000000000000e+00
0.000000000000000000e+00
0.000000000000000000e+00
0.000000000000000000e+00
0.000000000000000000e+00
0.000000000000000000e+00
0.000000000000000000e+00
0.000000000000000000e+00
0.000000000000000000e+00
0.000000000000000000e+00
0.000000000000000000e+00
0.000000000000000000e+00
0.000000000000000000e+00
0.000000000000000000e+00
0.000000000000000000e+00
0.000000000000000000e+00
0.000000000000000000e+00
0.000000000000000000e+00
0.000000000000000000e+00
0.000000000000000000e+00
72x5 ensembles written - L=72,p=0.15,omega=0.0285