1.431599291272727214e+07
2.834885635272727162e+07
2.825672782545454428e+07
2.815174894545454532e+07
2.803441921090909094e+07
2.790578127636363730e+07
2.776705954545454681e+07
2.761934707636363804e+07
2.746359525454545394e+07
2.730163772363636270e+07
2.713391057454545423e+07
2.696223593090908974e+07
2.678803318909090757e+07
2.661200419272727147e+07
2.643525668727272749e+07
2.625980761818181723e+07
2.608612105818181857e+07
2.591575489454545453e+07
2.574959955272727087e+07
2.558868536727272719e+07
2.543481234545454383e+07
2.528864077090908960e+07
2.515129171999999881e+07
2.502368125090909004e+07
2.490676806545454636e+07
2.480163517454545572e+07
2.470859989090909064e+07
2.462884593818181753e+07
2.456275973818181828e+07
2.451096712363636494e+07
2.447358345818181708e+07
2.445099472727272660e+07
1.222164460727272741e+07
0.000000000000000000e+00
0.000000000000000000e+00
0.000000000000000000e+00
0.000000000000000000e+00
0.000000000000000000e+00
0.000000000000000000e+00
0.000000000000000000e+00
0.000000000000000000e+00
0.000000000000000000e+00
0.000000000000000000e+00
0.000000000000000000e+00
0.000000000000000000e+00
0.000000000000000000e+00
0.000000000000000000e+00
0.000000000000000000e+00
0.000000000000000000e+00
0.000000000000000000e+00
0.000000000000000000e+00
0.000000000000000000e+00
0.000000000000000000e+00
0.000000000000000000e+00
0.000000000000000000e+00
0.000000000000000000e+00
0.000000000000000000e+00
0.000000000000000000e+00
0.000000000000000000e+00
0.000000000000000000e+00
0.000000000000000000e+00
0.000000000000000000e+00
0.000000000000000000e+00
0.000000000000000000e+00
11x50 ensembles written - L=64,p=0.15,omega=0.0195