1.920362481311475486e+07
3.796404454426229745e+07
3.785137961967213452e+07
3.775238379016393423e+07
3.766655177704918385e+07
3.759252169180327654e+07
3.752849300983606279e+07
3.747335359344262630e+07
3.742621658360655606e+07
3.738594436065573990e+07
3.735136638032786548e+07
3.732240266229508072e+07
3.729678486557377130e+07
3.727538270163934678e+07
3.725713736393442750e+07
3.724170576393442601e+07
3.722874407213114947e+07
3.721746811803278327e+07
3.720728673442623019e+07
3.719910059672131389e+07
3.719220060327868909e+07
3.718659596721311659e+07
3.718150718032786995e+07
3.717657316721311212e+07
3.717332186229508370e+07
3.717013095737704635e+07
3.716716232131147385e+07
3.716459320655737817e+07
3.716237120655737817e+07
3.716098803278688341e+07
3.715905977704918385e+07
3.715738321311475337e+07
3.715670068852458894e+07
3.715557001967213303e+07
3.715507809836065769e+07
3.715449615737704933e+07
1.857717449836065620e+07
0.000000000000000000e+00
0.000000000000000000e+00
0.000000000000000000e+00
0.000000000000000000e+00
0.000000000000000000e+00
0.000000000000000000e+00
0.000000000000000000e+00
0.000000000000000000e+00
0.000000000000000000e+00
0.000000000000000000e+00
0.000000000000000000e+00
0.000000000000000000e+00
0.000000000000000000e+00
0.000000000000000000e+00
0.000000000000000000e+00
0.000000000000000000e+00
0.000000000000000000e+00
0.000000000000000000e+00
0.000000000000000000e+00
0.000000000000000000e+00
0.000000000000000000e+00
0.000000000000000000e+00
0.000000000000000000e+00
0.000000000000000000e+00
0.000000000000000000e+00
0.000000000000000000e+00
0.000000000000000000e+00
0.000000000000000000e+00
0.000000000000000000e+00
0.000000000000000000e+00
0.000000000000000000e+00
0.000000000000000000e+00
0.000000000000000000e+00
0.000000000000000000e+00
0.000000000000000000e+00
61x5 ensembles written - L=72,p=0.15,omega=0.033