1.458281042666666582e+07
2.889574175333333388e+07
2.879999058999999985e+07
2.868613619999999925e+07
2.855377964333333448e+07
2.840418896999999881e+07
2.823923226000000164e+07
2.806021705666666850e+07
2.786854301000000164e+07
2.766636429333333299e+07
2.745503453333333507e+07
2.723638369666666538e+07
2.701212915666666627e+07
2.678378400000000000e+07
2.655331636666666716e+07
2.632228180000000075e+07
2.609288699333333224e+07
2.586636841333333403e+07
2.564453492666666582e+07
2.542928030333333462e+07
2.522229662000000104e+07
2.502478740333333239e+07
2.483883801999999955e+07
2.466538383999999985e+07
2.450616706333333254e+07
2.436234142333333194e+07
2.423530222333333269e+07
2.412577576333333179e+07
2.403492274666666612e+07
2.396365818666666746e+07
2.391208618333333358e+07
2.388088817666666582e+07
1.193534795666666701e+07
0.000000000000000000e+00
0.000000000000000000e+00
0.000000000000000000e+00
0.000000000000000000e+00
0.000000000000000000e+00
0.000000000000000000e+00
0.000000000000000000e+00
0.000000000000000000e+00
0.000000000000000000e+00
0.000000000000000000e+00
0.000000000000000000e+00
0.000000000000000000e+00
0.000000000000000000e+00
0.000000000000000000e+00
0.000000000000000000e+00
0.000000000000000000e+00
0.000000000000000000e+00
0.000000000000000000e+00
0.000000000000000000e+00
0.000000000000000000e+00
0.000000000000000000e+00
0.000000000000000000e+00
0.000000000000000000e+00
0.000000000000000000e+00
0.000000000000000000e+00
0.000000000000000000e+00
0.000000000000000000e+00
0.000000000000000000e+00
0.000000000000000000e+00
0.000000000000000000e+00
0.000000000000000000e+00
12x50 ensembles written - L=64,p=0.15,omega=0.018