1.351069180800000019e+07
2.666830482400000095e+07
2.657992273999999836e+07
2.650387021999999881e+07
2.643861137200000137e+07
2.638323271999999881e+07
2.633570702400000021e+07
2.629585842000000179e+07
2.626198091600000113e+07
2.623343874399999902e+07
2.620920967999999970e+07
2.618910714000000060e+07
2.617187905600000173e+07
2.615735157200000063e+07
2.614540791600000113e+07
2.613515631199999899e+07
2.612689527199999988e+07
2.612015736800000072e+07
2.611428569999999925e+07
2.610973710399999842e+07
2.610549877199999988e+07
2.610179522800000012e+07
2.609869400800000131e+07
2.609619277199999988e+07
2.609409220800000057e+07
2.609278169999999925e+07
2.609140766000000015e+07
2.609025246400000155e+07
2.608933720399999991e+07
2.608862248000000045e+07
2.608845623600000143e+07
2.608855248400000110e+07
1.304431087600000016e+07
0.000000000000000000e+00
0.000000000000000000e+00
0.000000000000000000e+00
0.000000000000000000e+00
0.000000000000000000e+00
0.000000000000000000e+00
0.000000000000000000e+00
0.000000000000000000e+00
0.000000000000000000e+00
0.000000000000000000e+00
0.000000000000000000e+00
0.000000000000000000e+00
0.000000000000000000e+00
0.000000000000000000e+00
0.000000000000000000e+00
0.000000000000000000e+00
0.000000000000000000e+00
0.000000000000000000e+00
0.000000000000000000e+00
0.000000000000000000e+00
0.000000000000000000e+00
0.000000000000000000e+00
0.000000000000000000e+00
0.000000000000000000e+00
0.000000000000000000e+00
0.000000000000000000e+00
0.000000000000000000e+00
0.000000000000000000e+00
0.000000000000000000e+00
0.000000000000000000e+00
0.000000000000000000e+00
10x50 ensembles written - L=64,p=0.15,omega=0.0345