2.044845617464788631e+07
4.054453398309858888e+07
4.043064814647887647e+07
4.030118956056337804e+07
4.015555357746478915e+07
3.999577816901408136e+07
3.982173436619718373e+07
3.963538494647887349e+07
3.943797758873239160e+07
3.923077940845070779e+07
3.901529686760563403e+07
3.879275712112676352e+07
3.856434269295774400e+07
3.833117918873239309e+07
3.809546638309859484e+07
3.785770464788732678e+07
3.761937269859155267e+07
3.738187228732394427e+07
3.714673538591549546e+07
3.691481452957746387e+07
3.668805237183098495e+07
3.646751225915493071e+07
3.625404635492957383e+07
3.604952149295774847e+07
3.585438531267605722e+07
3.567051274366196990e+07
3.549864393802817166e+07
3.533958659718310088e+07
3.519443900845070183e+07
3.506467162816901505e+07
3.495044647887323797e+07
3.485221867042253166e+07
3.477101046760563552e+07
3.470742252394366264e+07
3.466178796056338400e+07
3.463447156056337804e+07
1.731249290704225376e+07
0.000000000000000000e+00
0.000000000000000000e+00
0.000000000000000000e+00
0.000000000000000000e+00
0.000000000000000000e+00
0.000000000000000000e+00
0.000000000000000000e+00
0.000000000000000000e+00
0.000000000000000000e+00
0.000000000000000000e+00
0.000000000000000000e+00
0.000000000000000000e+00
0.000000000000000000e+00
0.000000000000000000e+00
0.000000000000000000e+00
0.000000000000000000e+00
0.000000000000000000e+00
0.000000000000000000e+00
0.000000000000000000e+00
0.000000000000000000e+00
0.000000000000000000e+00
0.000000000000000000e+00
0.000000000000000000e+00
0.000000000000000000e+00
0.000000000000000000e+00
0.000000000000000000e+00
0.000000000000000000e+00
0.000000000000000000e+00
0.000000000000000000e+00
0.000000000000000000e+00
0.000000000000000000e+00
0.000000000000000000e+00
0.000000000000000000e+00
0.000000000000000000e+00
0.000000000000000000e+00
71x5 ensembles written - L=72,p=0.15,omega=0.0195