1.916445921568627283e+07
3.787855461176470667e+07
3.776784807058823854e+07
3.767299854117646813e+07
3.759368625098039210e+07
3.752659658039215952e+07
3.747050235294117779e+07
3.742400146666666865e+07
3.738472846274510026e+07
3.735257598431372643e+07
3.732631633725490421e+07
3.730406999215686321e+07
3.728627217254901677e+07
3.727063058039215952e+07
3.725810444705882668e+07
3.724809760000000149e+07
3.723963705882352591e+07
3.723257516862744838e+07
3.722596148235294223e+07
3.722155596078431606e+07
3.721761957647059113e+07
3.721420338039215654e+07
3.721107305882352591e+07
3.720873541960784048e+07
3.720642022745098174e+07
3.720397350588235259e+07
3.720212936470588297e+07
3.720109066666666418e+07
3.719901551372548938e+07
3.719824202352941036e+07
3.719756669803921878e+07
3.719735843921568990e+07
3.719702879999999702e+07
3.719705945098039508e+07
3.719691240784313530e+07
3.719682124705882370e+07
1.859837788235294074e+07
0.000000000000000000e+00
0.000000000000000000e+00
0.000000000000000000e+00
0.000000000000000000e+00
0.000000000000000000e+00
0.000000000000000000e+00
0.000000000000000000e+00
0.000000000000000000e+00
0.000000000000000000e+00
0.000000000000000000e+00
0.000000000000000000e+00
0.000000000000000000e+00
0.000000000000000000e+00
0.000000000000000000e+00
0.000000000000000000e+00
0.000000000000000000e+00
0.000000000000000000e+00
0.000000000000000000e+00
0.000000000000000000e+00
0.000000000000000000e+00
0.000000000000000000e+00
0.000000000000000000e+00
0.000000000000000000e+00
0.000000000000000000e+00
0.000000000000000000e+00
0.000000000000000000e+00
0.000000000000000000e+00
0.000000000000000000e+00
0.000000000000000000e+00
0.000000000000000000e+00
0.000000000000000000e+00
0.000000000000000000e+00
0.000000000000000000e+00
0.000000000000000000e+00
0.000000000000000000e+00
51x5 ensembles written - L=72,p=0.15,omega=0.036