1.357294513599999994e+07
2.680272628000000119e+07
2.671249760399999842e+07
2.663051341600000113e+07
2.655676094000000134e+07
2.649028519200000167e+07
2.643084361600000039e+07
2.637791244399999827e+07
2.633045485999999940e+07
2.628854181599999964e+07
2.625141514000000060e+07
2.621861907600000128e+07
2.618965736800000072e+07
2.616401115599999949e+07
2.614132036800000072e+07
2.612142467599999905e+07
2.610387460000000149e+07
2.608820776399999857e+07
2.607478844399999827e+07
2.606301371200000122e+07
2.605240655600000173e+07
2.604376613599999994e+07
2.603576933599999920e+07
2.602862845600000024e+07
2.602321526799999923e+07
2.601814818400000036e+07
2.601385246400000155e+07
2.601077034800000116e+07
2.600791318800000101e+07
2.600606601599999890e+07
2.600467335999999940e+07
2.600392388399999961e+07
1.300185319600000046e+07
0.000000000000000000e+00
0.000000000000000000e+00
0.000000000000000000e+00
0.000000000000000000e+00
0.000000000000000000e+00
0.000000000000000000e+00
0.000000000000000000e+00
0.000000000000000000e+00
0.000000000000000000e+00
0.000000000000000000e+00
0.000000000000000000e+00
0.000000000000000000e+00
0.000000000000000000e+00
0.000000000000000000e+00
0.000000000000000000e+00
0.000000000000000000e+00
0.000000000000000000e+00
0.000000000000000000e+00
0.000000000000000000e+00
0.000000000000000000e+00
0.000000000000000000e+00
0.000000000000000000e+00
0.000000000000000000e+00
0.000000000000000000e+00
0.000000000000000000e+00
0.000000000000000000e+00
0.000000000000000000e+00
0.000000000000000000e+00
0.000000000000000000e+00
0.000000000000000000e+00
0.000000000000000000e+00
10x50 ensembles written - L=64,p=0.15,omega=0.03