1.917902369677419215e+07
3.791066461935483664e+07
3.779871240645161271e+07
3.770201339354838431e+07
3.761984945161290467e+07
3.754983458709677309e+07
3.749088543870967627e+07
3.744054837419354916e+07
3.739847263870967925e+07
3.736243785161290318e+07
3.733278098064516485e+07
3.730781981290322542e+07
3.728703029677419364e+07
3.726980365806451440e+07
3.725542494193548709e+07
3.724325061290322244e+07
3.723325927741935849e+07
3.722485994193548709e+07
3.721828458709677309e+07
3.721185579354839027e+07
3.720714644516129047e+07
3.720287727741935849e+07
3.719966554193548113e+07
3.719669285161290318e+07
3.719430542580645531e+07
3.719221370322580636e+07
3.719035965806451440e+07
3.718908772903225571e+07
3.718810469032257795e+07
3.718725750322580338e+07
3.718673474193548411e+07
3.718638723225806653e+07
3.718613809032258391e+07
3.718595171612903476e+07
3.718528851612903178e+07
3.718513960000000149e+07
1.859263691612903401e+07
0.000000000000000000e+00
0.000000000000000000e+00
0.000000000000000000e+00
0.000000000000000000e+00
0.000000000000000000e+00
0.000000000000000000e+00
0.000000000000000000e+00
0.000000000000000000e+00
0.000000000000000000e+00
0.000000000000000000e+00
0.000000000000000000e+00
0.000000000000000000e+00
0.000000000000000000e+00
0.000000000000000000e+00
0.000000000000000000e+00
0.000000000000000000e+00
0.000000000000000000e+00
0.000000000000000000e+00
0.000000000000000000e+00
0.000000000000000000e+00
0.000000000000000000e+00
0.000000000000000000e+00
0.000000000000000000e+00
0.000000000000000000e+00
0.000000000000000000e+00
0.000000000000000000e+00
0.000000000000000000e+00
0.000000000000000000e+00
0.000000000000000000e+00
0.000000000000000000e+00
0.000000000000000000e+00
0.000000000000000000e+00
0.000000000000000000e+00
0.000000000000000000e+00
0.000000000000000000e+00
62x5 ensembles written - L=72,p=0.15,omega=0.0345