1.360741381090909056e+07
2.687602690181818232e+07
2.678545493090908974e+07
2.670195581454545632e+07
2.662499156727272645e+07
2.655428717818181962e+07
2.648975661090908945e+07
2.643035934545454383e+07
2.637663743636363745e+07
2.632795026545454562e+07
2.628339375636363775e+07
2.624359063636363670e+07
2.620722049454545602e+07
2.617497510181818157e+07
2.614560801090909168e+07
2.611916259272727370e+07
2.609519354181818292e+07
2.607362965818181634e+07
2.605451573818181828e+07
2.603742537818181887e+07
2.602223229818181694e+07
2.600867242181818187e+07
2.599695266181818023e+07
2.598640510181818157e+07
2.597722594909090921e+07
2.596988377090908960e+07
2.596299269090909138e+07
2.595756913090909272e+07
2.595335598909090832e+07
2.594992104363636300e+07
2.594741166545454413e+07
2.594605623272727430e+07
1.297257227272727340e+07
0.000000000000000000e+00
0.000000000000000000e+00
0.000000000000000000e+00
0.000000000000000000e+00
0.000000000000000000e+00
0.000000000000000000e+00
0.000000000000000000e+00
0.000000000000000000e+00
0.000000000000000000e+00
0.000000000000000000e+00
0.000000000000000000e+00
0.000000000000000000e+00
0.000000000000000000e+00
0.000000000000000000e+00
0.000000000000000000e+00
0.000000000000000000e+00
0.000000000000000000e+00
0.000000000000000000e+00
0.000000000000000000e+00
0.000000000000000000e+00
0.000000000000000000e+00
0.000000000000000000e+00
0.000000000000000000e+00
0.000000000000000000e+00
0.000000000000000000e+00
0.000000000000000000e+00
0.000000000000000000e+00
0.000000000000000000e+00
0.000000000000000000e+00
0.000000000000000000e+00
0.000000000000000000e+00
11x50 ensembles written - L=64,p=0.15,omega=0.0285