2.126844153793103620e+07
4.221904126206896454e+07
4.209867966206896305e+07
4.194761823448275775e+07
4.176665700000000000e+07
4.155633250344827771e+07
4.131926360689654946e+07
4.105713872413793206e+07
4.077229095862068981e+07
4.046721592413792759e+07
4.014388541379310191e+07
3.980430397931034118e+07
3.945125477931034565e+07
3.908685106206896901e+07
3.871344816551724076e+07
3.833352177241379023e+07
3.794951357241379470e+07
3.756346852413792908e+07
3.717762052413792908e+07
3.679482124137931317e+07
3.641714355172413588e+07
3.604686186896551400e+07
3.568670577931034565e+07
3.533891931724137813e+07
3.500541626206896454e+07
3.468865462068965286e+07
3.439100228965517133e+07
3.411456390344827622e+07
3.386084757241379470e+07
3.363273387586206943e+07
3.343108297931034490e+07
3.325734358620689809e+07
3.311384314482758567e+07
3.300061750344827771e+07
3.291886411724137887e+07
3.287002386206896603e+07
1.642680731724137999e+07
0.000000000000000000e+00
0.000000000000000000e+00
0.000000000000000000e+00
0.000000000000000000e+00
0.000000000000000000e+00
0.000000000000000000e+00
0.000000000000000000e+00
0.000000000000000000e+00
0.000000000000000000e+00
0.000000000000000000e+00
0.000000000000000000e+00
0.000000000000000000e+00
0.000000000000000000e+00
0.000000000000000000e+00
0.000000000000000000e+00
0.000000000000000000e+00
0.000000000000000000e+00
0.000000000000000000e+00
0.000000000000000000e+00
0.000000000000000000e+00
0.000000000000000000e+00
0.000000000000000000e+00
0.000000000000000000e+00
0.000000000000000000e+00
0.000000000000000000e+00
0.000000000000000000e+00
0.000000000000000000e+00
0.000000000000000000e+00
0.000000000000000000e+00
0.000000000000000000e+00
0.000000000000000000e+00
0.000000000000000000e+00
0.000000000000000000e+00
0.000000000000000000e+00
0.000000000000000000e+00
58x5 ensembles written - L=72,p=0.15,omega=0.0165