2.006313873333333433e+07
3.975696655555555224e+07
3.964483481481481344e+07
3.952431810370370001e+07
3.939481060740740597e+07
3.925731045925925672e+07
3.911233757037036866e+07
3.896119802962963283e+07
3.880499962222222239e+07
3.864408536296296120e+07
3.848006577037037164e+07
3.831334385925926268e+07
3.814425552592592686e+07
3.797483694074074179e+07
3.780463065185185522e+07
3.763543005925925821e+07
3.746681969629629701e+07
3.730036994814814627e+07
3.713713125185184926e+07
3.697725818518518656e+07
3.682238899259259552e+07
3.667206008888889104e+07
3.652828625185184926e+07
3.639059419259259105e+07
3.626043667407407612e+07
3.613790287407407165e+07
3.602381705185185373e+07
3.591867099259259552e+07
3.582364662962962687e+07
3.573891388888888806e+07
3.566411520000000298e+07
3.560019504444444180e+07
3.554696928888888657e+07
3.550558689629629999e+07
3.547626942962963134e+07
3.545856734074074030e+07
1.772623741481481493e+07
0.000000000000000000e+00
0.000000000000000000e+00
0.000000000000000000e+00
0.000000000000000000e+00
0.000000000000000000e+00
0.000000000000000000e+00
0.000000000000000000e+00
0.000000000000000000e+00
0.000000000000000000e+00
0.000000000000000000e+00
0.000000000000000000e+00
0.000000000000000000e+00
0.000000000000000000e+00
0.000000000000000000e+00
0.000000000000000000e+00
0.000000000000000000e+00
0.000000000000000000e+00
0.000000000000000000e+00
0.000000000000000000e+00
0.000000000000000000e+00
0.000000000000000000e+00
0.000000000000000000e+00
0.000000000000000000e+00
0.000000000000000000e+00
0.000000000000000000e+00
0.000000000000000000e+00
0.000000000000000000e+00
0.000000000000000000e+00
0.000000000000000000e+00
0.000000000000000000e+00
0.000000000000000000e+00
0.000000000000000000e+00
0.000000000000000000e+00
0.000000000000000000e+00
0.000000000000000000e+00
54x5 ensembles written - L=72,p=0.15,omega=0.021