1.946876353750000149e+07
3.852601411249999702e+07
3.841224966875000298e+07
3.830233248749999702e+07
3.819647800625000149e+07
3.809482213750000298e+07
3.799760802499999851e+07
3.790401200000000000e+07
3.781477803125000000e+07
3.772996628750000149e+07
3.764955818124999851e+07
3.757314595624999702e+07
3.750078210625000298e+07
3.743175545624999702e+07
3.736667134375000000e+07
3.730551510625000298e+07
3.724726874374999851e+07
3.719305960625000298e+07
3.714147466875000298e+07
3.709337409375000000e+07
3.704875104375000298e+07
3.700627240625000000e+07
3.696764284375000000e+07
3.693223471875000000e+07
3.689985707500000298e+07
3.687025986874999851e+07
3.684341518124999851e+07
3.681930548125000298e+07
3.679724543750000000e+07
3.677865967499999702e+07
3.676252153750000149e+07
3.674896024374999851e+07
3.673756226874999702e+07
3.672894909375000000e+07
3.672312645624999702e+07
3.671927100000000000e+07
1.835913611250000075e+07
0.000000000000000000e+00
0.000000000000000000e+00
0.000000000000000000e+00
0.000000000000000000e+00
0.000000000000000000e+00
0.000000000000000000e+00
0.000000000000000000e+00
0.000000000000000000e+00
0.000000000000000000e+00
0.000000000000000000e+00
0.000000000000000000e+00
0.000000000000000000e+00
0.000000000000000000e+00
0.000000000000000000e+00
0.000000000000000000e+00
0.000000000000000000e+00
0.000000000000000000e+00
0.000000000000000000e+00
0.000000000000000000e+00
0.000000000000000000e+00
0.000000000000000000e+00
0.000000000000000000e+00
0.000000000000000000e+00
0.000000000000000000e+00
0.000000000000000000e+00
0.000000000000000000e+00
0.000000000000000000e+00
0.000000000000000000e+00
0.000000000000000000e+00
0.000000000000000000e+00
0.000000000000000000e+00
0.000000000000000000e+00
0.000000000000000000e+00
0.000000000000000000e+00
0.000000000000000000e+00
64x5 ensembles written - L=72,p=0.15,omega=0.0255