1.349682680499999970e+07
2.663738350499999896e+07
2.654975179500000179e+07
2.647521528000000119e+07
2.641247880999999866e+07
2.635976644999999925e+07
2.631524199500000104e+07
2.627847146999999881e+07
2.624775437000000104e+07
2.622222907999999821e+07
2.620157407000000030e+07
2.618411346999999881e+07
2.616981442000000179e+07
2.615794414000000060e+07
2.614819651999999955e+07
2.614004669500000030e+07
2.613353778500000015e+07
2.612822378000000119e+07
2.612369704500000179e+07
2.612024805000000075e+07
2.611718875000000000e+07
2.611479517000000179e+07
2.611252080499999970e+07
2.611073469500000030e+07
2.610933403000000119e+07
2.610820145499999821e+07
2.610688133500000089e+07
2.610627126999999955e+07
2.610598914499999955e+07
2.610507339499999955e+07
2.610447273499999940e+07
2.610465305499999970e+07
1.305216862500000000e+07
0.000000000000000000e+00
0.000000000000000000e+00
0.000000000000000000e+00
0.000000000000000000e+00
0.000000000000000000e+00
0.000000000000000000e+00
0.000000000000000000e+00
0.000000000000000000e+00
0.000000000000000000e+00
0.000000000000000000e+00
0.000000000000000000e+00
0.000000000000000000e+00
0.000000000000000000e+00
0.000000000000000000e+00
0.000000000000000000e+00
0.000000000000000000e+00
0.000000000000000000e+00
0.000000000000000000e+00
0.000000000000000000e+00
0.000000000000000000e+00
0.000000000000000000e+00
0.000000000000000000e+00
0.000000000000000000e+00
0.000000000000000000e+00
0.000000000000000000e+00
0.000000000000000000e+00
0.000000000000000000e+00
0.000000000000000000e+00
0.000000000000000000e+00
0.000000000000000000e+00
0.000000000000000000e+00
8x50 ensembles written - L=64,p=0.15,omega=0.036