1.513915499200000055e+07
3.003405621200000122e+07
2.993086962799999863e+07
2.979620716800000146e+07
2.963109974399999902e+07
2.943694537599999830e+07
2.921655175200000033e+07
2.897184600000000000e+07
2.870547726000000164e+07
2.842046236400000006e+07
2.811898965199999884e+07
2.780370001999999955e+07
2.747727680000000075e+07
2.714220612799999863e+07
2.680159939200000092e+07
2.645780247599999979e+07
2.611364000000000000e+07
2.577191278400000185e+07
2.543536967999999970e+07
2.510685055999999866e+07
2.478882952400000021e+07
2.448414736800000072e+07
2.419530671599999815e+07
2.392513446799999848e+07
2.367594793600000069e+07
2.344978407999999821e+07
2.324913379600000009e+07
2.307571811600000039e+07
2.293128377199999988e+07
2.281769606799999997e+07
2.273543837200000137e+07
2.268577687200000137e+07
1.133458492400000058e+07
0.000000000000000000e+00
0.000000000000000000e+00
0.000000000000000000e+00
0.000000000000000000e+00
0.000000000000000000e+00
0.000000000000000000e+00
0.000000000000000000e+00
0.000000000000000000e+00
0.000000000000000000e+00
0.000000000000000000e+00
0.000000000000000000e+00
0.000000000000000000e+00
0.000000000000000000e+00
0.000000000000000000e+00
0.000000000000000000e+00
0.000000000000000000e+00
0.000000000000000000e+00
0.000000000000000000e+00
0.000000000000000000e+00
0.000000000000000000e+00
0.000000000000000000e+00
0.000000000000000000e+00
0.000000000000000000e+00
0.000000000000000000e+00
0.000000000000000000e+00
0.000000000000000000e+00
0.000000000000000000e+00
0.000000000000000000e+00
0.000000000000000000e+00
0.000000000000000000e+00
0.000000000000000000e+00
10x50 ensembles written - L=64,p=0.15,omega=0.015