1.937621098421052471e+07
3.833165826842105389e+07
3.821694204736842215e+07
3.810978681578947604e+07
3.800823779473683983e+07
3.791361767894736677e+07
3.782447420000000298e+07
3.774190433684210479e+07
3.766511350000000000e+07
3.759337877894736826e+07
3.752716657368420810e+07
3.746608011052631587e+07
3.740960585263157636e+07
3.735742537894736975e+07
3.730938740526315570e+07
3.726497705263157934e+07
3.722418841578947008e+07
3.718646122631578892e+07
3.715234897894737124e+07
3.712090224736841768e+07
3.709198787894736975e+07
3.706521518421052396e+07
3.704151902631578594e+07
3.702016967368420959e+07
3.700070817894736677e+07
3.698294113157894462e+07
3.696770371578947455e+07
3.695390693684210628e+07
3.694206422105263174e+07
3.693156703157895058e+07
3.692254217894736677e+07
3.691465350000000000e+07
3.690838175263158232e+07
3.690332361578947306e+07
3.689973066315789521e+07
3.689794531578947604e+07
1.844857234736842290e+07
0.000000000000000000e+00
0.000000000000000000e+00
0.000000000000000000e+00
0.000000000000000000e+00
0.000000000000000000e+00
0.000000000000000000e+00
0.000000000000000000e+00
0.000000000000000000e+00
0.000000000000000000e+00
0.000000000000000000e+00
0.000000000000000000e+00
0.000000000000000000e+00
0.000000000000000000e+00
0.000000000000000000e+00
0.000000000000000000e+00
0.000000000000000000e+00
0.000000000000000000e+00
0.000000000000000000e+00
0.000000000000000000e+00
0.000000000000000000e+00
0.000000000000000000e+00
0.000000000000000000e+00
0.000000000000000000e+00
0.000000000000000000e+00
0.000000000000000000e+00
0.000000000000000000e+00
0.000000000000000000e+00
0.000000000000000000e+00
0.000000000000000000e+00
0.000000000000000000e+00
0.000000000000000000e+00
0.000000000000000000e+00
0.000000000000000000e+00
0.000000000000000000e+00
0.000000000000000000e+00
76x5 ensembles written - L=72,p=0.15,omega=0.027