1.485450821000000089e+07
2.945193509499999881e+07
2.935299473999999836e+07
2.922967093499999866e+07
2.908187915500000119e+07
2.891073344999999925e+07
2.871876891000000015e+07
2.850791619000000134e+07
2.828009346499999985e+07
2.803757367000000179e+07
2.778191913500000164e+07
2.751581304500000179e+07
2.724146987500000000e+07
2.696112514499999955e+07
2.667616730999999866e+07
2.638959133999999985e+07
2.610379364000000060e+07
2.582036263500000164e+07
2.554204067500000075e+07
2.527106240500000119e+07
2.500907719500000030e+07
2.475868564499999955e+07
2.452199748999999836e+07
2.430113240500000119e+07
2.409814944000000134e+07
2.391410848000000045e+07
2.375110753000000119e+07
2.361034328999999911e+07
2.349350748499999940e+07
2.340164205999999866e+07
2.333527804500000179e+07
2.329532749500000104e+07
1.164102441499999911e+07
0.000000000000000000e+00
0.000000000000000000e+00
0.000000000000000000e+00
0.000000000000000000e+00
0.000000000000000000e+00
0.000000000000000000e+00
0.000000000000000000e+00
0.000000000000000000e+00
0.000000000000000000e+00
0.000000000000000000e+00
0.000000000000000000e+00
0.000000000000000000e+00
0.000000000000000000e+00
0.000000000000000000e+00
0.000000000000000000e+00
0.000000000000000000e+00
0.000000000000000000e+00
0.000000000000000000e+00
0.000000000000000000e+00
0.000000000000000000e+00
0.000000000000000000e+00
0.000000000000000000e+00
0.000000000000000000e+00
0.000000000000000000e+00
0.000000000000000000e+00
0.000000000000000000e+00
0.000000000000000000e+00
0.000000000000000000e+00
0.000000000000000000e+00
0.000000000000000000e+00
0.000000000000000000e+00
8x50 ensembles written - L=64,p=0.15,omega=0.0165