2.089405748679245263e+07
4.145277282264150679e+07
4.133544507169811428e+07
4.119452801509433985e+07
4.102934188679245114e+07
4.084239658867924660e+07
4.063427720754717290e+07
4.040651220377358794e+07
4.016185840754716843e+07
3.990164131320754439e+07
3.962806163773585111e+07
3.934193807547169924e+07
3.904573994716981053e+07
3.874142386415094137e+07
3.843088630188678950e+07
3.811547194716981053e+07
3.779800344905660301e+07
3.747974169056604058e+07
3.716246377358490229e+07
3.684900950943396240e+07
3.653987839245282859e+07
3.623833016603773832e+07
3.594480695094339550e+07
3.566255839999999851e+07
3.539291461886792630e+07
3.513678842264150828e+07
3.489740966037736088e+07
3.467420603773584962e+07
3.447065039245282859e+07
3.428782853584905714e+07
3.412644583396226168e+07
3.398804898113207519e+07
3.387365424905660748e+07
3.378316318490566313e+07
3.371841372830189019e+07
3.367929399245283008e+07
1.683283725283018872e+07
0.000000000000000000e+00
0.000000000000000000e+00
0.000000000000000000e+00
0.000000000000000000e+00
0.000000000000000000e+00
0.000000000000000000e+00
0.000000000000000000e+00
0.000000000000000000e+00
0.000000000000000000e+00
0.000000000000000000e+00
0.000000000000000000e+00
0.000000000000000000e+00
0.000000000000000000e+00
0.000000000000000000e+00
0.000000000000000000e+00
0.000000000000000000e+00
0.000000000000000000e+00
0.000000000000000000e+00
0.000000000000000000e+00
0.000000000000000000e+00
0.000000000000000000e+00
0.000000000000000000e+00
0.000000000000000000e+00
0.000000000000000000e+00
0.000000000000000000e+00
0.000000000000000000e+00
0.000000000000000000e+00
0.000000000000000000e+00
0.000000000000000000e+00
0.000000000000000000e+00
0.000000000000000000e+00
0.000000000000000000e+00
0.000000000000000000e+00
0.000000000000000000e+00
0.000000000000000000e+00
53x5 ensembles written - L=72,p=0.15,omega=0.018