1.960773030175438523e+07
3.881543839999999851e+07
3.870251724912280589e+07
3.859011409824561328e+07
3.847811109473684430e+07
3.836708232280701399e+07
3.825768341754385829e+07
3.814997294736842066e+07
3.804377091929824650e+07
3.794000924912280589e+07
3.783880620350877196e+07
3.774032985964912176e+07
3.764474690526315570e+07
3.755185928421052545e+07
3.746216654736842215e+07
3.737540094035087526e+07
3.729180336140350997e+07
3.721116153684210777e+07
3.713455764912280440e+07
3.706159691929824650e+07
3.699175436491227895e+07
3.692565327719298005e+07
3.686351433684210479e+07
3.680516103157895058e+07
3.675100063859649003e+07
3.670050237894736975e+07
3.665460558596491069e+07
3.661289016140350699e+07
3.657458473684210330e+07
3.654103054035087675e+07
3.651219042105263472e+07
3.648742509473684430e+07
3.646753084210526198e+07
3.645153170526316017e+07
3.644001348070175201e+07
3.643319767719298601e+07
1.821535451929824427e+07
0.000000000000000000e+00
0.000000000000000000e+00
0.000000000000000000e+00
0.000000000000000000e+00
0.000000000000000000e+00
0.000000000000000000e+00
0.000000000000000000e+00
0.000000000000000000e+00
0.000000000000000000e+00
0.000000000000000000e+00
0.000000000000000000e+00
0.000000000000000000e+00
0.000000000000000000e+00
0.000000000000000000e+00
0.000000000000000000e+00
0.000000000000000000e+00
0.000000000000000000e+00
0.000000000000000000e+00
0.000000000000000000e+00
0.000000000000000000e+00
0.000000000000000000e+00
0.000000000000000000e+00
0.000000000000000000e+00
0.000000000000000000e+00
0.000000000000000000e+00
0.000000000000000000e+00
0.000000000000000000e+00
0.000000000000000000e+00
0.000000000000000000e+00
0.000000000000000000e+00
0.000000000000000000e+00
0.000000000000000000e+00
0.000000000000000000e+00
0.000000000000000000e+00
0.000000000000000000e+00
57x5 ensembles written - L=72,p=0.15,omega=0.024