1.980819903492063656e+07
3.923147730158729851e+07
3.911963444444444776e+07
3.900421885079365224e+07
3.888455323809523880e+07
3.876242335238095373e+07
3.863777854603174329e+07
3.851042511111111194e+07
3.838241224761904776e+07
3.825262467301587015e+07
3.812319048888888955e+07
3.799435227936507761e+07
3.786564707936508209e+07
3.773846663492063433e+07
3.761251412698412687e+07
3.748843729523809254e+07
3.736709817777777463e+07
3.724826653968253732e+07
3.713372040634920448e+07
3.702228539682539552e+07
3.691533237460317463e+07
3.681254034920635074e+07
3.671414295238095522e+07
3.662086970793651044e+07
3.653328673650793731e+07
3.645148005714285374e+07
3.637578713650793582e+07
3.630644294603174925e+07
3.624304034920635074e+07
3.618673883174603432e+07
3.613746427936507761e+07
3.609545433650793880e+07
3.606103664761904627e+07
3.603391874285714328e+07
3.601467602539682388e+07
3.600323895873016119e+07
1.799962434285714105e+07
0.000000000000000000e+00
0.000000000000000000e+00
0.000000000000000000e+00
0.000000000000000000e+00
0.000000000000000000e+00
0.000000000000000000e+00
0.000000000000000000e+00
0.000000000000000000e+00
0.000000000000000000e+00
0.000000000000000000e+00
0.000000000000000000e+00
0.000000000000000000e+00
0.000000000000000000e+00
0.000000000000000000e+00
0.000000000000000000e+00
0.000000000000000000e+00
0.000000000000000000e+00
0.000000000000000000e+00
0.000000000000000000e+00
0.000000000000000000e+00
0.000000000000000000e+00
0.000000000000000000e+00
0.000000000000000000e+00
0.000000000000000000e+00
0.000000000000000000e+00
0.000000000000000000e+00
0.000000000000000000e+00
0.000000000000000000e+00
0.000000000000000000e+00
0.000000000000000000e+00
0.000000000000000000e+00
0.000000000000000000e+00
0.000000000000000000e+00
0.000000000000000000e+00
0.000000000000000000e+00
63x5 ensembles written - L=72,p=0.15,omega=0.0225