1.365302033599999920e+07
2.697309048400000110e+07
2.688234241600000113e+07
2.679680437999999896e+07
2.671602080000000075e+07
2.664028130799999833e+07
2.656914025200000033e+07
2.650328716400000080e+07
2.644132862400000170e+07
2.638410010799999908e+07
2.633119987200000137e+07
2.628180211600000039e+07
2.623641005999999866e+07
2.619448067199999839e+07
2.615594642799999937e+07
2.612026300800000131e+07
2.608767773200000077e+07
2.605789603599999845e+07
2.603117558399999887e+07
2.600614406799999997e+07
2.598343681599999964e+07
2.596276705999999866e+07
2.594443281199999899e+07
2.592805907600000128e+07
2.591360619200000167e+07
2.590102344000000134e+07
2.588969890399999917e+07
2.588052856399999931e+07
2.587309616000000015e+07
2.586727596000000089e+07
2.586332203999999911e+07
2.586109445199999958e+07
1.293004707599999942e+07
0.000000000000000000e+00
0.000000000000000000e+00
0.000000000000000000e+00
0.000000000000000000e+00
0.000000000000000000e+00
0.000000000000000000e+00
0.000000000000000000e+00
0.000000000000000000e+00
0.000000000000000000e+00
0.000000000000000000e+00
0.000000000000000000e+00
0.000000000000000000e+00
0.000000000000000000e+00
0.000000000000000000e+00
0.000000000000000000e+00
0.000000000000000000e+00
0.000000000000000000e+00
0.000000000000000000e+00
0.000000000000000000e+00
0.000000000000000000e+00
0.000000000000000000e+00
0.000000000000000000e+00
0.000000000000000000e+00
0.000000000000000000e+00
0.000000000000000000e+00
0.000000000000000000e+00
0.000000000000000000e+00
0.000000000000000000e+00
0.000000000000000000e+00
0.000000000000000000e+00
0.000000000000000000e+00
10x50 ensembles written - L=64,p=0.15,omega=0.027