0.001 0.03 1424.9770588235294 2212710.4683529413 6342582120071.034
0.006 0.03 1460.737 2310694.8335882355 6789569137572.674
0.011 0.03 1486.8706176470587 2386619.5116764703 7158127123631.433
0.016 0.03 1502.5057499999998 2426931.76 7313057178015.455
0.021 0.03 1506.9056875 2436396.3446875 7327034281016.995
0.026000000000000002 0.03 1503.10940625 2421993.05453125 7223456897445.01
0.031 0.03 1506.4332499999998 2428117.159875 7215510582185.987
0.036000000000000004 0.03 1494.87984375 2392736.44834375 7020555363739.321
0.041 0.03 1477.80478125 2340393.77159375 6735876956615.434
0.046 0.03 1462.45275 2291207.6450625 6454922794656.074
0.051000000000000004 0.03 1442.4190625 2233888.0825625 6177282436048.714
0.056 0.03 1415.6585 2156555.9041875 5798742775642.616
0.061 0.03 1394.6980312499998 2096732.4849687498 5510552641427.084
0.066 0.03 1356.99740625 1991597.5829062501 5027376906632.301
0.07100000000000001 0.03 1335.81303125 1931694.25440625 4746498403492.284
0.076 0.03 1294.0525625 1821355.8398125 4288279130785.096
0.081 0.03 1265.86621875 1748329.6066562498 3992080396235.89
0.08600000000000001 0.03 1234.75578125 1667150.34740625 3657779930569.294
0.091 0.03 1202.1684687499999 1585654.41296875 3349021597629.995
0.096 0.03 1164.3078125 1495093.2695 3031710193602.987
