0.001 0.03 1195.1280642857143 1542794.2287357142 2998102725223.274
0.006 0.03 1221.4710357142858 1601958.0803500002 3173466190871.575
0.011 0.03 1236.4859 1635977.5378999999 3276238279335.3364
0.016 0.03 1250.4909714285716 1667889.8509571427 3370617722160.156
0.021 0.03 1254.6280928571427 1675850.17875 3383423485670.951
0.026000000000000002 0.03 1255.1676857142857 1674506.4870857142 3360621400951.7285
0.031 0.03 1250.0997214285715 1659330.4014214284 3292627288779.004
0.036000000000000004 0.03 1238.4001357142856 1629786.0225928572 3183976933641.325
0.041 0.03 1231.402564285714 1610540.374778571 3105095276535.241
0.046 0.03 1216.4286499999998 1573901.9368071428 2978795853748.4326
0.051000000000000004 0.03 1199.2860142857144 1532158.3306 2836397152657.177
0.056 0.03 1181.2409714285714 1489088.1863714284 2692962046402.6665
0.061 0.03 1157.6184714285714 1434036.0750571429 2520468755694.0166
0.066 0.03 1136.6239785714286 1385612.4543071429 2370185046804.295
0.07100000000000001 0.03 1113.7443071428572 1333591.617907143 2212771961089.3154
0.076 0.03 1088.8484785714286 1278844.7073357145 2056939812170.1855
0.081 0.03 1063.6522214285715 1224503.3273357144 1906382178359.1086
0.08600000000000001 0.03 1040.5025357142858 1174903.1407785714 1771258526265.3406
0.091 0.03 1012.9898428571428 1117975.9187142856 1624291233288.916
0.096 0.03 987.2929571428572 1065083.0877571427 1490176839194.7976
