0.08 0.003 1965.1301333333333 3862120.6249333336 14921903489131.88
0.08 0.0044 1939.1804333333334 3760680.5468333336 14146627019106.352
0.08 0.0058 1919.9261333333334 3686385.2513333326 13593395537627.693
0.08 0.0072 1901.5537 3616225.324100001 13081686434783.54
0.08 0.0086 1882.5825333333335 3544500.8889333336 12568912945970.135
0.08 0.01 1862.7148999999997 3470177.1361 12048636449786.902
0.08 0.0114 1842.6080666666664 3395778.922933333 11539085143974.363
0.08 0.0128 1821.1863 3317421.613233334 11014549851702.912
0.08 0.0142 1798.9117999999999 3236988.019666666 10489700650105.176
0.08 0.0156 1775.0680333333335 3152093.2166333324 9950846154058.36
0.08 0.017 1748.9056 3060402.9609333337 9386471807232.424
0.08 0.0184 1720.7030333333335 2963928.2197000002 8817979671317.82
0.08 0.0198 1685.9788333333333 2848343.7009666665 8169326916321.715
0.08 0.0212 1645.3631000000003 2718385.902233334 7487394200554.187
0.08 0.0226 1595.5657999999996 2565213.9056666666 6736714903368.832
0.08 0.024 1537.2203 2393340.309433333 5954265141565.557
0.08 0.0254 1463.9700666666668 2189837.3923333334 5111987914901.696
0.08 0.0268 1401.0512666666668 2019795.281666667 4440973635710.619
0.08 0.0282 1330.9333666666664 1840110.1650333332 3790240017070.813
0.08 0.0296 1270.4408666666668 1691185.9212666668 3286241206800.0215
