0.08 0.003 1953.2363312500006 3815478.5513937497 14563157228800.926
0.08 0.0044 1927.3125687500003 3714837.50400625 13804528743984.82
0.08 0.0058 1903.9589812499999 3625404.48828125 13148547051738.158
0.08 0.0072 1880.85345 3538027.993825 12523545804464.28
0.08 0.0086 1857.26620625 3449962.5906312494 11909458710986.568
0.08 0.01 1832.5411812500001 3358876.6117187496 11290998066654.473
0.08 0.0114 1806.0118687499998 3262551.6116562504 10655521560932.873
0.08 0.0128 1777.9825625 3162452.8562249993 10016307832026.38
0.08 0.0142 1747.6622124999997 3056218.3266250007 9362499097363.898
0.08 0.0156 1712.031575 2934800.8917999994 8651866028399.43
0.08 0.017 1669.7605437499997 2795777.90708125 7888001389844.242
0.08 0.0184 1616.96776875 2630016.4706687494 7046284522958.295
0.08 0.0198 1552.6455437500001 2438096.6391437496 6152922941474.598
0.08 0.0212 1478.8351312499997 2228842.6918687504 5258583823604.66
0.08 0.0226 1401.0724374999998 2019926.2754249999 4441923602232.666
0.08 0.024 1325.9253562499998 1827814.5333187499 3748941195851.058
0.08 0.0254 1254.35045625 1652148.58684375 3157362115490.5093
0.08 0.0268 1188.69394375 1499537.75594375 2685657795625.6567
0.08 0.0282 1134.66999375 1377634.77441875 2326263055849.0186
0.08 0.0296 1083.40083125 1266323.37043125 2017276724569.3127
