1 8175.042857142857
2 8164.704761904762
3 8156.573809523809
4 8149.509523809524
5 8142.885714285714
6 8136.995238095238
7 8131.378571428571
8 8126.0404761904765
9 8121.242857142857
10 8116.75
11 8112.147619047619
12 8108.366666666667
13 8104.214285714285
14 8100.3738095238095
15 8096.871428571429
16 8093.414285714286
17 8089.890476190476
18 8086.7095238095235
19 8083.004761904762
20 8079.780952380952
21 8076.340476190476
22 8073.516666666666
23 8070.804761904762
24 8067.447619047619
25 8064.592857142857
26 8061.719047619048
27 8058.495238095238
28 8055.919047619048
29 8053.221428571429
30 8050.057142857143
31 8047.426190476191
32 8044.3761904761905
33 8041.8761904761905
34 8038.828571428571
35 8035.952380952381
36 8033.164285714286
37 8030.480952380953
38 8028.047619047619
39 8025.588095238095
40 8022.6
41 8019.919047619048
42 8017.27619047619
43 8014.638095238095
44 8012.378571428571
45 8009.638095238095
46 8006.914285714286
47 8004.804761904762
48 8002.02619047619
49 7999.207142857143
50 7996.690476190476
51 7994.066666666667
52 7991.752380952381
53 7989.047619047619
54 7986.633333333333
55 7984.066666666667
56 7981.35
57 7978.769047619047
58 7976.17380952381
59 7973.4595238095235
60 7970.911904761905
61 7968.304761904762
62 7966.038095238096
63 7963.45
64 7960.926190476191
65 7958.507142857143
66 7955.788095238096
67 7953.252380952381
68 7951.009523809524
69 7948.688095238095
70 7946.064285714286
71 7943.440476190476
72 7941.490476190476
73 7939.002380952381
74 7936.392857142857
75 7934.028571428571
76 7931.707142857143
77 7929.55
78 7927.330952380952
79 7924.914285714286
80 7922.502380952381
81 7920.407142857143
82 7918.261904761905
83 7916.061904761905
84 7913.583333333333
85 7910.809523809524
86 7908.5404761904765
87 7906.419047619048
88 7904.583333333333
89 7902.142857142857
90 7899.509523809524
91 7897.638095238095
92 7895.2904761904765
93 7893.3452380952385
94 7890.771428571428
95 7888.828571428571
96 7885.97380952381
97 7883.97380952381
98 7881.769047619047
99 7879.728571428572
100 7877.269047619047
102 7872.6261904761905
104 7868.552380952381
106 7864.297619047619
108 7859.259523809524
110 7855.669047619048
112 7851.590476190476
114 7847.228571428572
116 7843.352380952381
118 7839.535714285715
120 7834.728571428572
122 7830.464285714285
124 7826.245238095238
126 7821.947619047619
128 7818.171428571429
130 7814.15
132 7809.683333333333
134 7805.445238095238
136 7801.726190476191
138 7797.945238095238
140 7794.35
142 7790.852380952381
144 7786.8190476190475
146 7782.8738095238095
148 7779.773809523809
150 7776.392857142857
152 7771.976190476191
154 7768.6261904761905
156 7764.830952380952
158 7761.15
160 7758.007142857143
162 7754.426190476191
164 7750.330952380952
166 7747.15
168 7743.361904761905
170 7740.542857142857
172 7737.195238095238
174 7733.147619047619
176 7729.695238095238
178 7727.647619047619
180 7723.938095238095
182 7720.469047619048
184 7716.854761904762
186 7713.730952380953
188 7710.72380952381
190 7707.788095238096
192 7704.407142857143
194 7700.659523809524
196 7697.488095238095
198 7694.0
200 7690.795238095238
203 7686.5952380952385
206 7682.685714285714
209 7678.1261904761905
212 7672.823809523809
215 7669.371428571429
218 7664.666666666667
221 7660.22380952381
224 7656.171428571429
227 7651.6261904761905
230 7646.314285714286
233 7641.664285714286
236 7638.285714285715
239 7633.519047619047
242 7630.535714285715
245 7625.77619047619
248 7621.671428571429
251 7618.895238095238
254 7614.688095238095
257 7610.730952380953
260 7607.3452380952385
263 7603.835714285714
266 7599.183333333333
269 7595.5952380952385
272 7591.9595238095235
275 7587.754761904762
278 7583.504761904762
281 7579.507142857143
284 7576.890476190476
287 7573.238095238095
290 7568.483333333334
293 7565.773809523809
296 7561.883333333333
299 7559.02619047619
302 7555.676190476191
306 7549.935714285714
310 7545.9857142857145
314 7542.042857142857
318 7536.011904761905
322 7533.690476190476
326 7528.561904761905
330 7524.5952380952385
334 7520.4047619047615
338 7516.5404761904765
342 7512.342857142857
346 7507.466666666666
350 7503.497619047619
354 7499.907142857143
358 7496.890476190476
362 7492.414285714286
366 7487.697619047619
370 7486.085714285714
374 7481.057142857143
378 7477.511904761905
382 7473.247619047619
386 7470.019047619047
390 7466.783333333334
394 7462.335714285714
398 7458.266666666666
402 7455.030952380952
407 7450.980952380953
412 7447.164285714286
417 7443.571428571428
422 7438.8190476190475
427 7434.559523809524
432 7429.452380952381
437 7425.321428571428
442 7421.697619047619
447 7417.378571428571
452 7412.283333333334
457 7408.214285714285
462 7403.416666666667
467 7400.885714285714
472 7396.619047619048
477 7393.190476190476
482 7388.838095238095
487 7384.8452380952385
492 7381.754761904762
497 7375.559523809524
502 7372.988095238095
508 7367.9595238095235
514 7363.447619047619
520 7358.619047619048
526 7354.771428571428
532 7350.55
538 7347.535714285715
544 7342.933333333333
550 7337.847619047619
556 7334.483333333334
562 7329.590476190476
568 7325.080952380952
574 7321.859523809524
580 7318.304761904762
586 7314.359523809524
592 7309.652380952381
598 7306.011904761905
604 7301.335714285714
611 7297.919047619048
618 7294.5142857142855
625 7290.809523809524
632 7286.842857142857
639 7281.671428571429
646 7278.380952380952
653 7273.523809523809
660 7270.788095238096
667 7266.935714285714
674 7260.57619047619
681 7258.328571428571
688 7254.007142857143
695 7249.92380952381
702 7246.292857142857
710 7241.919047619048
718 7237.847619047619
726 7234.097619047619
734 7231.388095238095
742 7227.461904761904
750 7222.4857142857145
758 7217.42380952381
766 7214.859523809524
774 7209.840476190476
782 7207.057142857143
790 7203.454761904762
798 7199.785714285715
806 7195.454761904762
815 7191.2
824 7185.159523809524
833 7182.976190476191
842 7179.035714285715
851 7175.366666666667
860 7170.897619047619
869 7166.152380952381
878 7162.147619047619
887 7160.4595238095235
896 7156.030952380952
905 7150.792857142857
915 7145.759523809524
925 7141.942857142857
935 7137.395238095238
945 7134.261904761905
955 7128.195238095238
965 7127.988095238095
975 7124.145238095238
985 7120.119047619048
995 7116.480952380953
1005 7113.109523809524
1016 7108.542857142857
1027 7105.0690476190475
1038 7101.9
1049 7096.361904761905
1060 7093.078571428571
1071 7089.304761904762
1082 7083.821428571428
1093 7079.521428571428
1104 7075.369047619048
1116 7071.1
1128 7066.711904761904
1140 7061.435714285714
1152 7060.159523809524
1164 7055.702380952381
1176 7051.097619047619
1188 7048.911904761905
1200 7042.659523809524
1213 7041.511904761905
1226 7038.340476190476
1239 7033.988095238095
1252 7029.8738095238095
1265 7027.547619047619
1278 7022.52619047619
1291 7018.769047619047
1304 7016.283333333334
1318 7012.078571428571
1332 7008.211904761904
1346 7006.597619047619
1360 7001.009523809524
1374 6996.647619047619
1388 6993.07619047619
1402 6989.521428571428
1417 6985.988095238095
1432 6980.323809523809
1447 6978.0404761904765
1462 6975.554761904762
1477 6972.733333333334
1492 6965.016666666666
1507 6963.042857142857
1523 6958.609523809524
1539 6951.602380952381
1555 6950.6
1571 6944.666666666667
1587 6942.67380952381
1603 6938.847619047619
1620 6937.521428571428
1637 6929.304761904762
1654 6926.564285714286
1671 6924.011904761905
1688 6920.942857142857
1705 6915.4857142857145
1723 6911.1547619047615
1741 6905.383333333333
1759 6904.773809523809
1777 6902.8738095238095
1795 6899.65
1813 6897.245238095238
1832 6892.804761904762
1851 6887.057142857143
1870 6885.67380952381
1889 6879.157142857143
1908 6875.652380952381
1928 6870.666666666667
1948 6869.588095238095
1968 6864.483333333334
1988 6864.752380952381
2008 6859.795238095238
2029 6858.311904761905
2050 6853.773809523809
2071 6852.342857142857
2092 6846.530952380952
2113 6842.797619047619
2135 6839.745238095238
2157 6838.038095238096
2179 6830.090476190476
2201 6829.883333333333
2224 6827.65
2247 6822.592857142857
2270 6820.104761904762
2293 6815.72380952381
2316 6809.645238095238
2340 6805.402380952381
2364 6800.607142857143
2388 6800.145238095238
2412 6797.57619047619
2437 6793.092857142857
2462 6793.238095238095
2487 6786.27619047619
2512 6783.054761904762
2538 6783.045238095238
2564 6779.7904761904765
2590 6777.692857142857
2616 6773.966666666666
2643 6772.7095238095235
2670 6767.754761904762
2697 6761.957142857143
2724 6758.302380952381
2752 6753.759523809524
2780 6752.314285714286
2808 6752.454761904762
2837 6754.711904761904
2866 6747.728571428572
2895 6741.159523809524
2924 6736.542857142857
2954 6734.378571428571
2984 6730.471428571429
3014 6727.190476190476
3045 6722.316666666667
3076 6720.45
3107 6714.219047619048
3139 6713.292857142857
3171 6708.583333333333
3203 6704.045238095238
3236 6703.145238095238
3269 6698.447619047619
3302 6698.152380952381
3336 6694.928571428572
3370 6693.428571428572
3404 6684.1238095238095
3439 6690.688095238095
3474 6684.740476190476
3509 6683.254761904762
3545 6678.757142857143
3581 6676.783333333334
3617 6673.75
3654 6670.961904761904
3691 6664.888095238095
3728 6667.778571428571
3766 6661.588095238095
3804 6659.592857142857
3843 6654.516666666666
3882 6648.071428571428
3921 6650.304761904762
3961 6643.704761904762
4001 6642.042857142857
4042 6636.788095238096
4083 6633.0404761904765
4124 6632.928571428572
4166 6626.566666666667
4208 6624.6
4251 6618.911904761905
4294 6620.95
4337 6621.364285714286
4381 6610.002380952381
4425 6608.023809523809
4470 6608.940476190476
4515 6604.754761904762
4561 6600.557142857143
4607 6599.792857142857
4654 6592.714285714285
4701 6594.02619047619
4749 6590.409523809524
4797 6581.683333333333
4845 6582.042857142857
4894 6583.2357142857145
4943 6582.288095238096
4993 6574.638095238095
5043 6567.759523809524
5094 6569.557142857143
5145 6569.357142857143
5197 6570.914285714286
5249 6569.666666666667
5302 6568.561904761905
5356 6561.007142857143
5410 6557.990476190476
5465 6551.409523809524
5520 6555.8452380952385
5576 6557.109523809524
5632 6548.909523809524
5689 6540.011904761905
5746 6539.769047619047
5804 6541.95
5863 6535.428571428572
5922 6526.214285714285
5982 6523.935714285714
6042 6521.614285714286
6103 6515.480952380953
6165 6524.316666666667
6227 6514.588095238095
6290 6515.4857142857145
6353 6512.447619047619
6417 6512.933333333333
6482 6507.85
6547 6505.409523809524
6613 6502.230952380953
6680 6501.135714285714
6747 6502.559523809524
6815 6501.754761904762
6884 6495.219047619048
6953 6492.766666666666
7023 6482.809523809524
7094 6482.821428571428
7165 6479.42380952381
7237 6475.935714285714
7310 6470.988095238095
7384 6468.395238095238
7458 6465.4595238095235
7533 6468.22380952381
7609 6463.857142857143
7686 6457.888095238095
7763 6463.802380952381
7841 6466.914285714286
7920 6459.364285714286
8000 6457.797619047619
8081 6457.019047619047
8162 6444.9309523809525
8244 6450.028571428571
8327 6438.754761904762
8411 6437.830952380952
8496 6439.857142857143
8581 6440.52619047619
8667 6435.1547619047615
8754 6438.542857142857
8842 6434.580952380952
8931 6425.366666666667
9021 6425.5952380952385
9112 6423.414285714286
9204 6416.666666666667
9297 6411.061904761905
9390 6412.269047619047
9484 6421.488095238095
9579 6415.0404761904765
9675 6404.67380952381
9772 6400.15
9870 6407.216666666666
9969 6399.761904761905
10069 6398.285714285715
10170 6394.102380952381
10272 6392.633333333333
10375 6389.261904761905
10479 6383.402380952381
10584 6383.519047619047
10690 6388.107142857143
10797 6384.733333333334
10905 6386.316666666667
11015 6380.966666666666
11126 6385.421428571429
11238 6379.907142857143
11351 6369.133333333333
11465 6385.192857142857
11580 6362.164285714286
11696 6367.054761904762
11813 6358.133333333333
11932 6357.578571428571
12052 6359.447619047619
12173 6359.176190476191
12295 6365.464285714285
12418 6358.047619047619
12543 6359.304761904762
12669 6364.921428571429
12796 6360.440476190476
12924 6356.578571428571
13054 6351.245238095238
13185 6356.333333333333
13317 6338.138095238095
13451 6364.214285714285
13586 6363.552380952381
13722 6334.247619047619
13860 6340.847619047619
13999 6341.685714285714
14139 6339.480952380953
14281 6333.426190476191
14424 6339.730952380953
14569 6331.621428571429
14715 6318.216666666666
14863 6321.226190476191
15012 6325.969047619048
15163 6327.761904761905
15315 6309.090476190476
15469 6310.664285714286
15624 6315.992857142857
15781 6311.435714285714
15939 6316.478571428572
16099 6305.228571428572
16260 6307.797619047619
16423 6297.259523809524
16588 6295.561904761905
16754 6300.038095238096
16922 6316.528571428571
17092 6296.2095238095235
17263 6289.478571428572
17436 6293.359523809524
17611 6291.916666666667
17788 6295.226190476191
17966 6296.8
18146 6280.911904761905
18328 6279.407142857143
18512 6288.67380952381
18698 6288.497619047619
18885 6296.1
19074 6293.954761904762
19265 6293.65
19458 6280.361904761905
19653 6275.940476190476
19850 6268.609523809524
20049 6269.030952380952
20250 6268.730952380953
20453 6275.15
20658 6265.857142857143
20865 6252.661904761905
21074 6262.195238095238
21285 6250.4595238095235
21498 6250.140476190476
21713 6242.807142857143
21931 6238.854761904762
22151 6227.278571428571
22373 6226.02619047619
22597 6227.678571428572
22823 6234.678571428572
23052 6217.114285714286
23283 6204.645238095238
23516 6227.771428571428
23752 6223.1238095238095
23990 6212.419047619048
24230 6216.378571428571
24473 6216.380952380952
24718 6219.871428571429
24966 6216.27619047619
25216 6190.783333333334
25469 6193.707142857143
25724 6185.214285714285
25982 6202.409523809524
26242 6194.578571428571
26505 6195.245238095238
26771 6187.657142857143
27039 6195.1
27310 6185.888095238095
27584 6194.080952380952
27860 6166.940476190476
28139 6171.388095238095
28421 6173.552380952381
28706 6175.307142857143
28994 6156.17380952381
29284 6179.730952380953
29577 6153.676190476191
29873 6158.695238095238
30172 6150.504761904762
30474 6153.738095238095
30779 6163.957142857143
31087 6178.442857142857
31398 6161.697619047619
31712 6154.302380952381
32030 6160.116666666667
32351 6170.802380952381
32675 6161.82619047619
33002 6152.909523809524
33333 6171.461904761904
33667 6148.483333333334
34004 6131.8761904761905
34345 6132.171428571429
34689 6136.890476190476
35036 6131.0142857142855
35387 6133.869047619048
35741 6117.895238095238
36099 6090.909523809524
36460 6101.7642857142855
36825 6103.054761904762
37194 6095.940476190476
37566 6105.171428571429
37942 6089.519047619047
38322 6079.67380952381
38706 6085.157142857143
39094 6070.926190476191
39485 6068.585714285714
39880 6075.992857142857
40279 6078.645238095238
40682 6082.092857142857
41089 6068.5404761904765
41500 6079.795238095238
41916 6076.907142857143
42336 6073.1
42760 6062.35
43188 6046.354761904762
43620 6068.866666666667
44057 6044.833333333333
44498 6057.4595238095235
44943 6072.6547619047615
45393 6055.738095238095
45847 6037.295238095238
46306 6065.807142857143
46770 6067.885714285714
47238 6067.252380952381
47711 6048.9
48189 6043.497619047619
48671 6059.364285714286
49158 6041.328571428571
49650 6039.640476190476
50147 6020.538095238096
50649 6046.978571428572
51156 6049.4
51668 6041.166666666667
52185 6045.147619047619
52707 6054.9595238095235
53235 6051.416666666667
53768 6037.4309523809525
54306 6020.642857142857
54850 6026.302380952381
55399 6001.157142857143
55953 6039.25
56513 6044.926190476191
57079 5988.007142857143
57650 5999.780952380952
58227 6020.297619047619
58810 6007.8761904761905
59399 6049.152380952381
59993 6042.916666666667
60593 6009.538095238096
61199 6003.457142857143
61811 5990.969047619048
62430 5964.533333333334
63055 5986.097619047619
63686 5995.207142857143
64323 5999.316666666667
64967 5997.778571428571
65617 5960.726190476191
66274 5970.545238095238
66937 5992.854761904762
67607 5987.204761904762
68284 5970.897619047619
68967 5961.421428571429
69657 5942.816666666667
70354 5927.288095238096
71058 5959.647619047619
71769 5937.161904761905
72487 5962.192857142857
73212 5959.066666666667
73945 5990.561904761905
74685 5962.47380952381
75432 5932.990476190476
76187 5899.116666666667
76949 5842.033333333334
77719 5889.609523809524
78497 5947.166666666667
79282 5933.302380952381
80075 5920.8190476190475
80876 5903.397619047619
81685 5886.445238095238
82502 5915.159523809524
83328 5953.157142857143
84162 5888.842857142857
85004 5893.183333333333
85855 5894.795238095238
86714 5861.083333333333
87582 5860.190476190476
88458 5897.795238095238
89343 5894.4047619047615
90237 5881.659523809524
91140 5839.571428571428
92052 5843.330952380952
92973 5894.938095238095
93903 5812.211904761904
94843 5888.621428571429
95792 5834.2357142857145
96750 5857.871428571429
97718 5880.728571428572
98696 5847.633333333333
99683 5797.207142857143
100680 5856.583333333333
101687 5780.914285714286
102704 5816.823809523809
103732 5785.352380952381
104770 5849.288095238096
105818 5835.754761904762
106877 5818.583333333333
107946 5849.114285714286
