0.02 0.005 2506.8596105263155 6284576.972010528 39501709316677.83
0.02 0.007 2477.674395833333 6139304.034208331 37701596676277.95
0.02 0.009 2444.072993150685 5974332.761226027 35712096053371.555
0.02 0.011 2403.8199684210526 5780230.319357896 33451942637536.336
0.02 0.013 2353.0922978723406 5542231.266212765 30815806154734.9
0.02 0.015 2284.3558666666663 5232671.771919999 27626443245149.25
0.02 0.017 2192.240261744966 4839580.589469799 23931866179833.11
0.02 0.019 2076.8329368421055 4377351.63371579 20027866043415.773
0.02 0.021 1957.642479166667 3927258.5708749997 16578978076126.213
0.02 0.023 1840.5602933333337 3509035.679786666 13660142875309.312
0.02 0.025 1729.8144244604316 3134809.6698201443 11272898477559.867
0.02 0.027 1634.6518297872337 2827512.728617021 9452050706414.86
0.02 0.029 1547.37601980198 2557738.766079208 7966252535908.403
0.02 0.031 1469.2918494623652 2326105.259247312 6768727673303.012
0.02 0.033 1400.6134680851062 2130596.3746170215 5828036475523.164
