2.175029025142857060e+07
4.329368786857143044e+07
4.313083103428571671e+07
4.293165221142856777e+07
4.269755968571428210e+07
4.243073833714285493e+07
4.213373267428571731e+07
4.180847012571428716e+07
4.145732231428571790e+07
4.108290732000000030e+07
4.068762146857143193e+07
4.027403670857142657e+07
3.984503314857143164e+07
3.940294417142856866e+07
3.895086300571428239e+07
3.849189662857142836e+07
3.802892718285714090e+07
3.756469892000000179e+07
3.710211241714286059e+07
3.664444898857142776e+07
3.619403720000000298e+07
3.575386207999999821e+07
3.532642534285714477e+07
3.491477086857143044e+07
3.452145279428571463e+07
3.414875510857142508e+07
3.379906657142857462e+07
3.347526579428571463e+07
3.317911245142856985e+07
3.291275018857142702e+07
3.267787226285714284e+07
3.247634035999999940e+07
3.230946833142857254e+07
3.217837187428571284e+07
3.208397995428571478e+07
3.202732312000000104e+07
1.600417123428571410e+07
0.000000000000000000e+00
0.000000000000000000e+00
0.000000000000000000e+00
0.000000000000000000e+00
0.000000000000000000e+00
0.000000000000000000e+00
0.000000000000000000e+00
0.000000000000000000e+00
0.000000000000000000e+00
0.000000000000000000e+00
0.000000000000000000e+00
0.000000000000000000e+00
0.000000000000000000e+00
0.000000000000000000e+00
0.000000000000000000e+00
0.000000000000000000e+00
0.000000000000000000e+00
0.000000000000000000e+00
0.000000000000000000e+00
0.000000000000000000e+00
0.000000000000000000e+00
0.000000000000000000e+00
0.000000000000000000e+00
0.000000000000000000e+00
0.000000000000000000e+00
0.000000000000000000e+00
0.000000000000000000e+00
0.000000000000000000e+00
0.000000000000000000e+00
0.000000000000000000e+00
0.000000000000000000e+00
0.000000000000000000e+00
0.000000000000000000e+00
0.000000000000000000e+00
0.000000000000000000e+00
7x50 ensembles written - L=72,p=0.02,omega=0.009