2.040153961714285612e+07
4.053351321714285761e+07
4.035683785714285821e+07
4.017081482285714149e+07
3.997751900571428239e+07
3.977874770285714418e+07
3.957513769714285433e+07
3.936789286285714060e+07
3.915715745142856985e+07
3.894417664571428299e+07
3.872942690857142955e+07
3.851372081142856926e+07
3.829785685714285821e+07
3.808259057714285702e+07
3.786864630857142806e+07
3.765639708571428806e+07
3.744735228000000119e+07
3.724230401142857224e+07
3.704199318285714090e+07
3.684721219428571314e+07
3.665826282857143134e+07
3.647634290857142955e+07
3.630204232571428269e+07
3.613588429714285582e+07
3.597931221142856777e+07
3.583244876571428776e+07
3.569633607999999821e+07
3.557110911428571492e+07
3.545734571428571641e+07
3.535602528000000119e+07
3.526692477142857015e+07
3.519062338857142627e+07
3.512770400000000000e+07
3.507853156000000238e+07
3.504325610857142508e+07
3.502220853142856807e+07
1.750760501714285836e+07
0.000000000000000000e+00
0.000000000000000000e+00
0.000000000000000000e+00
0.000000000000000000e+00
0.000000000000000000e+00
0.000000000000000000e+00
0.000000000000000000e+00
0.000000000000000000e+00
0.000000000000000000e+00
0.000000000000000000e+00
0.000000000000000000e+00
0.000000000000000000e+00
0.000000000000000000e+00
0.000000000000000000e+00
0.000000000000000000e+00
0.000000000000000000e+00
0.000000000000000000e+00
0.000000000000000000e+00
0.000000000000000000e+00
0.000000000000000000e+00
0.000000000000000000e+00
0.000000000000000000e+00
0.000000000000000000e+00
0.000000000000000000e+00
0.000000000000000000e+00
0.000000000000000000e+00
0.000000000000000000e+00
0.000000000000000000e+00
0.000000000000000000e+00
0.000000000000000000e+00
0.000000000000000000e+00
0.000000000000000000e+00
0.000000000000000000e+00
0.000000000000000000e+00
0.000000000000000000e+00
7x50 ensembles written - L=72,p=0.02,omega=0.015