1.937181621714285761e+07
3.838253513142856956e+07
3.818214779428571463e+07
3.800635643428571522e+07
3.785616965142857283e+07
3.772905573714285344e+07
3.762251967999999970e+07
3.753322174285714328e+07
3.745802956571428478e+07
3.739527056000000238e+07
3.734297125142857432e+07
3.729936848571428657e+07
3.726300002857142687e+07
3.723255005142857134e+07
3.720666677714286000e+07
3.718504762285714597e+07
3.716731920571428537e+07
3.715220771428571641e+07
3.713938871428571641e+07
3.712887410285714269e+07
3.711972569714285433e+07
3.711227095428571105e+07
3.710628962285714597e+07
3.710162414857143164e+07
3.709761002857142687e+07
3.709463515428571403e+07
3.709276289714285731e+07
3.709088681714285910e+07
3.708926466285714507e+07
3.708747067999999970e+07
3.708589820571428537e+07
3.708498780571428686e+07
3.708441489714285731e+07
3.708396207999999821e+07
3.708287163428571075e+07
3.708241479999999702e+07
1.854119344571428746e+07
0.000000000000000000e+00
0.000000000000000000e+00
0.000000000000000000e+00
0.000000000000000000e+00
0.000000000000000000e+00
0.000000000000000000e+00
0.000000000000000000e+00
0.000000000000000000e+00
0.000000000000000000e+00
0.000000000000000000e+00
0.000000000000000000e+00
0.000000000000000000e+00
0.000000000000000000e+00
0.000000000000000000e+00
0.000000000000000000e+00
0.000000000000000000e+00
0.000000000000000000e+00
0.000000000000000000e+00
0.000000000000000000e+00
0.000000000000000000e+00
0.000000000000000000e+00
0.000000000000000000e+00
0.000000000000000000e+00
0.000000000000000000e+00
0.000000000000000000e+00
0.000000000000000000e+00
0.000000000000000000e+00
0.000000000000000000e+00
0.000000000000000000e+00
0.000000000000000000e+00
0.000000000000000000e+00
0.000000000000000000e+00
0.000000000000000000e+00
0.000000000000000000e+00
0.000000000000000000e+00
7x50 ensembles written - L=72,p=0.02,omega=0.029