1.933795094285714254e+07
3.830850694857142866e+07
3.810748167428571731e+07
3.793495837714285403e+07
3.779060662285714597e+07
3.767063639428571612e+07
3.757151496571428329e+07
3.748992349142856896e+07
3.742290992000000179e+07
3.736772830857142806e+07
3.732264837142857164e+07
3.728620979428571463e+07
3.725570949142856896e+07
3.723041695428571105e+07
3.720982305142857134e+07
3.719268929714285582e+07
3.717840438285714388e+07
3.716699357714285702e+07
3.715702679428571463e+07
3.714950088571428508e+07
3.714318261714285612e+07
3.713782225714285672e+07
3.713381525142857432e+07
3.713009806285714358e+07
3.712733531428571790e+07
3.712514107428571582e+07
3.712333911999999732e+07
3.712143549714285880e+07
3.712028989142857492e+07
3.711934074285714328e+07
3.711859774857142568e+07
3.711788797714285553e+07
3.711712816571428627e+07
3.711667799428571761e+07
3.711601319428571314e+07
3.711564670285714418e+07
1.855740814285714179e+07
0.000000000000000000e+00
0.000000000000000000e+00
0.000000000000000000e+00
0.000000000000000000e+00
0.000000000000000000e+00
0.000000000000000000e+00
0.000000000000000000e+00
0.000000000000000000e+00
0.000000000000000000e+00
0.000000000000000000e+00
0.000000000000000000e+00
0.000000000000000000e+00
0.000000000000000000e+00
0.000000000000000000e+00
0.000000000000000000e+00
0.000000000000000000e+00
0.000000000000000000e+00
0.000000000000000000e+00
0.000000000000000000e+00
0.000000000000000000e+00
0.000000000000000000e+00
0.000000000000000000e+00
0.000000000000000000e+00
0.000000000000000000e+00
0.000000000000000000e+00
0.000000000000000000e+00
0.000000000000000000e+00
0.000000000000000000e+00
0.000000000000000000e+00
0.000000000000000000e+00
0.000000000000000000e+00
0.000000000000000000e+00
0.000000000000000000e+00
0.000000000000000000e+00
0.000000000000000000e+00
7x50 ensembles written - L=72,p=0.02,omega=0.031