2.005974503555555642e+07
3.982997228888888657e+07
3.964696443999999762e+07
3.946195602666666359e+07
3.927751484000000358e+07
3.909465675999999791e+07
3.891404569333333522e+07
3.873659535999999940e+07
3.856197282222222537e+07
3.839043387555555254e+07
3.822231926666666567e+07
3.805766908444444090e+07
3.789708865777777880e+07
3.774038492888888717e+07
3.758801191555555910e+07
3.744056375111111253e+07
3.729759212888889015e+07
3.715991091111110896e+07
3.702760078222221881e+07
3.690077275555555522e+07
3.677970616888888925e+07
3.666463468888889253e+07
3.655588330666666478e+07
3.645331815555555373e+07
3.635761381777777523e+07
3.626828326666666567e+07
3.618623707555555552e+07
3.611139997333333641e+07
3.604374902222222090e+07
3.598399000888888538e+07
3.593195147111111134e+07
3.588801463111110777e+07
3.585170969777777791e+07
3.582342456000000238e+07
3.580298666666666418e+07
3.579078167999999970e+07
1.789334448444444314e+07
0.000000000000000000e+00
0.000000000000000000e+00
0.000000000000000000e+00
0.000000000000000000e+00
0.000000000000000000e+00
0.000000000000000000e+00
0.000000000000000000e+00
0.000000000000000000e+00
0.000000000000000000e+00
0.000000000000000000e+00
0.000000000000000000e+00
0.000000000000000000e+00
0.000000000000000000e+00
0.000000000000000000e+00
0.000000000000000000e+00
0.000000000000000000e+00
0.000000000000000000e+00
0.000000000000000000e+00
0.000000000000000000e+00
0.000000000000000000e+00
0.000000000000000000e+00
0.000000000000000000e+00
0.000000000000000000e+00
0.000000000000000000e+00
0.000000000000000000e+00
0.000000000000000000e+00
0.000000000000000000e+00
0.000000000000000000e+00
0.000000000000000000e+00
0.000000000000000000e+00
0.000000000000000000e+00
0.000000000000000000e+00
0.000000000000000000e+00
0.000000000000000000e+00
0.000000000000000000e+00
9x50 ensembles written - L=72,p=0.02,omega=0.017