2.235366701999999955e+07
4.452113687500000000e+07
4.435830421500000358e+07
4.414782867499999702e+07
4.389146079500000179e+07
4.359174640500000119e+07
4.325152271000000089e+07
4.287329297500000149e+07
4.245990893999999762e+07
4.201466534499999881e+07
4.154034904999999702e+07
4.104056074000000209e+07
4.051863078999999911e+07
3.997840963499999791e+07
3.942323470000000298e+07
3.885675793500000238e+07
3.828313290999999642e+07
3.770593032000000030e+07
3.712897628000000119e+07
3.655623016499999911e+07
3.599120485499999672e+07
3.543773185000000149e+07
3.489965171000000089e+07
3.438022754500000179e+07
3.388304446000000089e+07
3.341123196999999881e+07
3.296845969500000030e+07
3.255734578999999911e+07
3.218104741499999911e+07
3.184207364999999851e+07
3.154280956500000134e+07
3.128558300499999896e+07
3.107229296499999985e+07
3.090482132999999821e+07
3.078427967999999970e+07
3.071157914499999955e+07
1.534366889000000060e+07
0.000000000000000000e+00
0.000000000000000000e+00
0.000000000000000000e+00
0.000000000000000000e+00
0.000000000000000000e+00
0.000000000000000000e+00
0.000000000000000000e+00
0.000000000000000000e+00
0.000000000000000000e+00
0.000000000000000000e+00
0.000000000000000000e+00
0.000000000000000000e+00
0.000000000000000000e+00
0.000000000000000000e+00
0.000000000000000000e+00
0.000000000000000000e+00
0.000000000000000000e+00
0.000000000000000000e+00
0.000000000000000000e+00
0.000000000000000000e+00
0.000000000000000000e+00
0.000000000000000000e+00
0.000000000000000000e+00
0.000000000000000000e+00
0.000000000000000000e+00
0.000000000000000000e+00
0.000000000000000000e+00
0.000000000000000000e+00
0.000000000000000000e+00
0.000000000000000000e+00
0.000000000000000000e+00
0.000000000000000000e+00
0.000000000000000000e+00
0.000000000000000000e+00
0.000000000000000000e+00
8x50 ensembles written - L=72,p=0.02,omega=0.007