1.369559800799999945e+07
2.711167394399999827e+07
2.695326605200000107e+07
2.681173825200000033e+07
2.668790116800000146e+07
2.658074511199999973e+07
2.648866360399999842e+07
2.640948510799999908e+07
2.634147303200000152e+07
2.628323336800000072e+07
2.623308451599999890e+07
2.619016618800000101e+07
2.615319783999999985e+07
2.612159528000000119e+07
2.609439032400000095e+07
2.607092092399999872e+07
2.605107798800000176e+07
2.603363478000000119e+07
2.601892078799999878e+07
2.600624617999999970e+07
2.599534074799999967e+07
2.598587014799999818e+07
2.597789832000000030e+07
2.597082062000000104e+07
2.596492701199999824e+07
2.595973890799999982e+07
2.595567096799999848e+07
2.595211451999999955e+07
2.594969214400000125e+07
2.594778520800000057e+07
2.594626326399999857e+07
2.594525468800000101e+07
1.297241099599999934e+07
0.000000000000000000e+00
0.000000000000000000e+00
0.000000000000000000e+00
0.000000000000000000e+00
0.000000000000000000e+00
0.000000000000000000e+00
0.000000000000000000e+00
0.000000000000000000e+00
0.000000000000000000e+00
0.000000000000000000e+00
0.000000000000000000e+00
0.000000000000000000e+00
0.000000000000000000e+00
0.000000000000000000e+00
0.000000000000000000e+00
0.000000000000000000e+00
0.000000000000000000e+00
0.000000000000000000e+00
0.000000000000000000e+00
0.000000000000000000e+00
0.000000000000000000e+00
0.000000000000000000e+00
0.000000000000000000e+00
0.000000000000000000e+00
0.000000000000000000e+00
0.000000000000000000e+00
0.000000000000000000e+00
0.000000000000000000e+00
0.000000000000000000e+00
0.000000000000000000e+00
0.000000000000000000e+00
10x50 ensembles written - L=64,p=0.02,omega=0.027