1.942160871999999881e+07
3.848998028499999642e+07
3.828964509000000358e+07
3.811105142499999702e+07
3.795497446500000358e+07
3.782023484000000358e+07
3.770402678499999642e+07
3.760426053000000119e+07
3.751870664999999851e+07
3.744533109000000358e+07
3.738273746500000358e+07
3.732885468500000238e+07
3.728273525999999791e+07
3.724286601500000060e+07
3.720912016499999911e+07
3.718033993500000238e+07
3.715496327000000328e+07
3.713359920499999821e+07
3.711563379500000179e+07
3.710040120499999821e+07
3.708777968999999762e+07
3.707663947500000149e+07
3.706762968999999762e+07
3.705947213499999791e+07
3.705259646999999881e+07
3.704676164500000328e+07
3.704222616499999911e+07
3.703831139500000328e+07
3.703506072999999672e+07
3.703192372999999672e+07
3.702951250999999791e+07
3.702768075000000000e+07
3.702546517499999702e+07
3.702378807500000298e+07
3.702307368999999762e+07
3.702257013499999791e+07
1.851123766000000015e+07
0.000000000000000000e+00
0.000000000000000000e+00
0.000000000000000000e+00
0.000000000000000000e+00
0.000000000000000000e+00
0.000000000000000000e+00
0.000000000000000000e+00
0.000000000000000000e+00
0.000000000000000000e+00
0.000000000000000000e+00
0.000000000000000000e+00
0.000000000000000000e+00
0.000000000000000000e+00
0.000000000000000000e+00
0.000000000000000000e+00
0.000000000000000000e+00
0.000000000000000000e+00
0.000000000000000000e+00
0.000000000000000000e+00
0.000000000000000000e+00
0.000000000000000000e+00
0.000000000000000000e+00
0.000000000000000000e+00
0.000000000000000000e+00
0.000000000000000000e+00
0.000000000000000000e+00
0.000000000000000000e+00
0.000000000000000000e+00
0.000000000000000000e+00
0.000000000000000000e+00
0.000000000000000000e+00
0.000000000000000000e+00
0.000000000000000000e+00
0.000000000000000000e+00
0.000000000000000000e+00
8x50 ensembles written - L=72,p=0.02,omega=0.027