2.129242473714285716e+07
4.235700550857143104e+07
4.219082766857142746e+07
4.199730222285714000e+07
4.177790233142857254e+07
4.153482616571428627e+07
4.126974852000000328e+07
4.098486470857142657e+07
4.068200897142857313e+07
4.036292893714285642e+07
4.002924739428571612e+07
3.968318155428571254e+07
3.932661894285714626e+07
3.896172238857142627e+07
3.859034887428571284e+07
3.821501317714285851e+07
3.783765514857143164e+07
3.746076194285714626e+07
3.708605082285714149e+07
3.671625371428571641e+07
3.635329019428571314e+07
3.599937542285714298e+07
3.565674845714285970e+07
3.532707647428571433e+07
3.501287029714285582e+07
3.471587617142856866e+07
3.443790232000000030e+07
3.418066252000000328e+07
3.394576371428571641e+07
3.373473862285714597e+07
3.354855709142857045e+07
3.338934678857142851e+07
3.325744166285714135e+07
3.315371129142856970e+07
3.307914264571428671e+07
3.303400712000000104e+07
1.650959547428571433e+07
0.000000000000000000e+00
0.000000000000000000e+00
0.000000000000000000e+00
0.000000000000000000e+00
0.000000000000000000e+00
0.000000000000000000e+00
0.000000000000000000e+00
0.000000000000000000e+00
0.000000000000000000e+00
0.000000000000000000e+00
0.000000000000000000e+00
0.000000000000000000e+00
0.000000000000000000e+00
0.000000000000000000e+00
0.000000000000000000e+00
0.000000000000000000e+00
0.000000000000000000e+00
0.000000000000000000e+00
0.000000000000000000e+00
0.000000000000000000e+00
0.000000000000000000e+00
0.000000000000000000e+00
0.000000000000000000e+00
0.000000000000000000e+00
0.000000000000000000e+00
0.000000000000000000e+00
0.000000000000000000e+00
0.000000000000000000e+00
0.000000000000000000e+00
0.000000000000000000e+00
0.000000000000000000e+00
0.000000000000000000e+00
0.000000000000000000e+00
0.000000000000000000e+00
0.000000000000000000e+00
7x50 ensembles written - L=72,p=0.02,omega=0.011