1.485112290799999982e+07
2.951737412400000170e+07
2.938155210000000149e+07
2.922421349599999934e+07
2.904694019999999925e+07
2.885189415599999949e+07
2.864068902800000086e+07
2.841530834800000116e+07
2.817753383999999985e+07
2.792887919200000167e+07
2.767102609600000083e+07
2.740606935200000182e+07
2.713566632400000095e+07
2.686168855200000107e+07
2.658629241200000048e+07
2.631143004399999976e+07
2.603908381599999964e+07
2.577079544799999893e+07
2.550897053200000152e+07
2.525529546000000089e+07
2.501164962000000104e+07
2.477995147599999979e+07
2.456157933199999854e+07
2.435869483599999920e+07
2.417271976399999857e+07
2.400479793600000069e+07
2.385649503999999911e+07
2.372906680400000140e+07
2.362329382000000030e+07
2.354019634400000051e+07
2.348043489200000092e+07
2.344412276399999857e+07
1.171597194400000013e+07
0.000000000000000000e+00
0.000000000000000000e+00
0.000000000000000000e+00
0.000000000000000000e+00
0.000000000000000000e+00
0.000000000000000000e+00
0.000000000000000000e+00
0.000000000000000000e+00
0.000000000000000000e+00
0.000000000000000000e+00
0.000000000000000000e+00
0.000000000000000000e+00
0.000000000000000000e+00
0.000000000000000000e+00
0.000000000000000000e+00
0.000000000000000000e+00
0.000000000000000000e+00
0.000000000000000000e+00
0.000000000000000000e+00
0.000000000000000000e+00
0.000000000000000000e+00
0.000000000000000000e+00
0.000000000000000000e+00
0.000000000000000000e+00
0.000000000000000000e+00
0.000000000000000000e+00
0.000000000000000000e+00
0.000000000000000000e+00
0.000000000000000000e+00
0.000000000000000000e+00
0.000000000000000000e+00
10x50 ensembles written - L=64,p=0.02,omega=0.011