1.379868642400000058e+07
2.733269502800000086e+07
2.717577450400000066e+07
2.702969629600000009e+07
2.689602376399999857e+07
2.677473963599999994e+07
2.666544678400000185e+07
2.656699592000000179e+07
2.647796965199999884e+07
2.639752685200000182e+07
2.632505282400000095e+07
2.625959384400000051e+07
2.620024979199999943e+07
2.614684519599999860e+07
2.609902168800000101e+07
2.605597612000000104e+07
2.601771967199999839e+07
2.598336007200000063e+07
2.595255759600000083e+07
2.592515589999999851e+07
2.590100137200000137e+07
2.587962317599999905e+07
2.586097484800000116e+07
2.584448692399999872e+07
2.583029152400000021e+07
2.581817806799999997e+07
2.580805113199999928e+07
2.579973906799999997e+07
2.579306082400000095e+07
2.578774820800000057e+07
2.578397855200000107e+07
2.578192152400000021e+07
1.289065721600000001e+07
0.000000000000000000e+00
0.000000000000000000e+00
0.000000000000000000e+00
0.000000000000000000e+00
0.000000000000000000e+00
0.000000000000000000e+00
0.000000000000000000e+00
0.000000000000000000e+00
0.000000000000000000e+00
0.000000000000000000e+00
0.000000000000000000e+00
0.000000000000000000e+00
0.000000000000000000e+00
0.000000000000000000e+00
0.000000000000000000e+00
0.000000000000000000e+00
0.000000000000000000e+00
0.000000000000000000e+00
0.000000000000000000e+00
0.000000000000000000e+00
0.000000000000000000e+00
0.000000000000000000e+00
0.000000000000000000e+00
0.000000000000000000e+00
0.000000000000000000e+00
0.000000000000000000e+00
0.000000000000000000e+00
0.000000000000000000e+00
0.000000000000000000e+00
0.000000000000000000e+00
0.000000000000000000e+00
10x50 ensembles written - L=64,p=0.02,omega=0.023