1.434438216400000080e+07
2.847213498400000110e+07
2.832865621200000122e+07
2.817686217999999970e+07
2.801884555600000173e+07
2.785624341200000048e+07
2.769011348400000110e+07
2.752147111600000039e+07
2.735109383599999920e+07
2.717944520800000057e+07
2.700745557999999821e+07
2.683572457200000063e+07
2.666489395199999958e+07
2.649592223999999836e+07
2.632971880799999833e+07
2.616690373999999836e+07
2.600830828799999878e+07
2.585482853200000152e+07
2.570684614000000060e+07
2.556532269999999925e+07
2.543107590399999917e+07
2.530487746400000155e+07
2.518700131599999964e+07
2.507819495199999958e+07
2.497941324399999902e+07
2.489090203200000152e+07
2.481330777600000054e+07
2.474668973600000143e+07
2.469179009200000018e+07
2.464879554800000042e+07
2.461790635200000182e+07
2.459924347599999979e+07
1.229642940399999917e+07
0.000000000000000000e+00
0.000000000000000000e+00
0.000000000000000000e+00
0.000000000000000000e+00
0.000000000000000000e+00
0.000000000000000000e+00
0.000000000000000000e+00
0.000000000000000000e+00
0.000000000000000000e+00
0.000000000000000000e+00
0.000000000000000000e+00
0.000000000000000000e+00
0.000000000000000000e+00
0.000000000000000000e+00
0.000000000000000000e+00
0.000000000000000000e+00
0.000000000000000000e+00
0.000000000000000000e+00
0.000000000000000000e+00
0.000000000000000000e+00
0.000000000000000000e+00
0.000000000000000000e+00
0.000000000000000000e+00
0.000000000000000000e+00
0.000000000000000000e+00
0.000000000000000000e+00
0.000000000000000000e+00
0.000000000000000000e+00
0.000000000000000000e+00
0.000000000000000000e+00
0.000000000000000000e+00
10x50 ensembles written - L=64,p=0.02,omega=0.015