1.462002063599999994e+07
2.903916991600000113e+07
2.889895379600000009e+07
2.874346178000000119e+07
2.857449157999999821e+07
2.839372470399999991e+07
2.820278600400000066e+07
2.800309056799999997e+07
2.779578828799999878e+07
2.758221810399999842e+07
2.736357014000000060e+07
2.714126770800000057e+07
2.691647702800000086e+07
2.669108721599999815e+07
2.646597742799999937e+07
2.624269781199999899e+07
2.602271262799999863e+07
2.580753238399999961e+07
2.559850809600000083e+07
2.539669650800000131e+07
2.520378619599999860e+07
2.502098405600000173e+07
2.484933623600000143e+07
2.469027647599999979e+07
2.454483194000000134e+07
2.441378377199999988e+07
2.429834801199999824e+07
2.419928148800000176e+07
2.411726037599999830e+07
2.405276948800000176e+07
2.400652113599999994e+07
2.397871218800000101e+07
1.198467631200000085e+07
0.000000000000000000e+00
0.000000000000000000e+00
0.000000000000000000e+00
0.000000000000000000e+00
0.000000000000000000e+00
0.000000000000000000e+00
0.000000000000000000e+00
0.000000000000000000e+00
0.000000000000000000e+00
0.000000000000000000e+00
0.000000000000000000e+00
0.000000000000000000e+00
0.000000000000000000e+00
0.000000000000000000e+00
0.000000000000000000e+00
0.000000000000000000e+00
0.000000000000000000e+00
0.000000000000000000e+00
0.000000000000000000e+00
0.000000000000000000e+00
0.000000000000000000e+00
0.000000000000000000e+00
0.000000000000000000e+00
0.000000000000000000e+00
0.000000000000000000e+00
0.000000000000000000e+00
0.000000000000000000e+00
0.000000000000000000e+00
0.000000000000000000e+00
0.000000000000000000e+00
0.000000000000000000e+00
10x50 ensembles written - L=64,p=0.02,omega=0.013