1.562714062399999984e+07
3.110099803200000152e+07
3.096417129600000009e+07
3.078710144000000134e+07
3.057201295199999958e+07
3.032148012799999863e+07
3.003821978400000185e+07
2.972495307200000063e+07
2.938454355999999866e+07
2.902019925200000033e+07
2.863490250800000131e+07
2.823194733599999920e+07
2.781477095600000024e+07
2.738686406399999931e+07
2.695162129600000009e+07
2.651275400000000000e+07
2.607395201999999955e+07
2.563864463199999928e+07
2.521066132400000095e+07
2.479331198800000176e+07
2.439025050000000000e+07
2.400462867199999839e+07
2.363995100000000000e+07
2.329919919200000167e+07
2.298532604800000042e+07
2.270110055200000107e+07
2.244916100000000000e+07
2.223166646799999848e+07
2.205088786800000072e+07
2.190829391600000113e+07
2.180535802400000021e+07
2.174339057999999821e+07
1.086133591599999927e+07
0.000000000000000000e+00
0.000000000000000000e+00
0.000000000000000000e+00
0.000000000000000000e+00
0.000000000000000000e+00
0.000000000000000000e+00
0.000000000000000000e+00
0.000000000000000000e+00
0.000000000000000000e+00
0.000000000000000000e+00
0.000000000000000000e+00
0.000000000000000000e+00
0.000000000000000000e+00
0.000000000000000000e+00
0.000000000000000000e+00
0.000000000000000000e+00
0.000000000000000000e+00
0.000000000000000000e+00
0.000000000000000000e+00
0.000000000000000000e+00
0.000000000000000000e+00
0.000000000000000000e+00
0.000000000000000000e+00
0.000000000000000000e+00
0.000000000000000000e+00
0.000000000000000000e+00
0.000000000000000000e+00
0.000000000000000000e+00
0.000000000000000000e+00
0.000000000000000000e+00
0.000000000000000000e+00
10x50 ensembles written - L=64,p=0.02,omega=0.007