1.968556504399999976e+07
3.904925954399999976e+07
3.885490511200000346e+07
3.866916274400000274e+07
3.849473213599999994e+07
3.833245565999999642e+07
3.818179965600000322e+07
3.804181732400000095e+07
3.791218699599999934e+07
3.779225442800000310e+07
3.768099299199999869e+07
3.757817190399999917e+07
3.748319430799999833e+07
3.739504293599999696e+07
3.731339250400000066e+07
3.723801847999999672e+07
3.716844916799999774e+07
3.710386935999999940e+07
3.704437283200000226e+07
3.698952159200000018e+07
3.693895235999999940e+07
3.689252645199999958e+07
3.684999936400000006e+07
3.681107592400000244e+07
3.677560027600000054e+07
3.674396575599999726e+07
3.671542928800000250e+07
3.669078241200000048e+07
3.666893876799999923e+07
3.664998864000000060e+07
3.663380770000000298e+07
3.662079547600000352e+07
3.660980961200000346e+07
3.660121943599999696e+07
3.659500880799999833e+07
3.659109079599999636e+07
1.829464421200000122e+07
0.000000000000000000e+00
0.000000000000000000e+00
0.000000000000000000e+00
0.000000000000000000e+00
0.000000000000000000e+00
0.000000000000000000e+00
0.000000000000000000e+00
0.000000000000000000e+00
0.000000000000000000e+00
0.000000000000000000e+00
0.000000000000000000e+00
0.000000000000000000e+00
0.000000000000000000e+00
0.000000000000000000e+00
0.000000000000000000e+00
0.000000000000000000e+00
0.000000000000000000e+00
0.000000000000000000e+00
0.000000000000000000e+00
0.000000000000000000e+00
0.000000000000000000e+00
0.000000000000000000e+00
0.000000000000000000e+00
0.000000000000000000e+00
0.000000000000000000e+00
0.000000000000000000e+00
0.000000000000000000e+00
0.000000000000000000e+00
0.000000000000000000e+00
0.000000000000000000e+00
0.000000000000000000e+00
0.000000000000000000e+00
0.000000000000000000e+00
0.000000000000000000e+00
0.000000000000000000e+00
10x50 ensembles written - L=72,p=0.02,omega=0.021