1.374075295600000024e+07
2.720900581599999964e+07
2.705091357999999821e+07
2.690691707200000063e+07
2.677785136400000006e+07
2.666373239600000158e+07
2.656324139600000158e+07
2.647494619999999925e+07
2.639715041200000048e+07
2.632876508399999887e+07
2.626899543600000069e+07
2.621651710000000149e+07
2.617065270399999991e+07
2.613007514400000125e+07
2.609437126799999923e+07
2.606285263599999994e+07
2.603544105200000107e+07
2.601146177199999988e+07
2.599005650000000000e+07
2.597128519200000167e+07
2.595502942799999937e+07
2.594090757999999821e+07
2.592909011199999973e+07
2.591840655200000107e+07
2.590914989600000158e+07
2.590111840399999917e+07
2.589410883199999854e+07
2.588853489999999851e+07
2.588399009600000083e+07
2.588095446000000089e+07
2.587850925200000033e+07
2.587753864000000060e+07
1.293847676799999923e+07
0.000000000000000000e+00
0.000000000000000000e+00
0.000000000000000000e+00
0.000000000000000000e+00
0.000000000000000000e+00
0.000000000000000000e+00
0.000000000000000000e+00
0.000000000000000000e+00
0.000000000000000000e+00
0.000000000000000000e+00
0.000000000000000000e+00
0.000000000000000000e+00
0.000000000000000000e+00
0.000000000000000000e+00
0.000000000000000000e+00
0.000000000000000000e+00
0.000000000000000000e+00
0.000000000000000000e+00
0.000000000000000000e+00
0.000000000000000000e+00
0.000000000000000000e+00
0.000000000000000000e+00
0.000000000000000000e+00
0.000000000000000000e+00
0.000000000000000000e+00
0.000000000000000000e+00
0.000000000000000000e+00
0.000000000000000000e+00
0.000000000000000000e+00
0.000000000000000000e+00
0.000000000000000000e+00
10x50 ensembles written - L=64,p=0.02,omega=0.025