1.601708485999999940e+07
3.189759523200000077e+07
3.176003642000000179e+07
3.157323083599999920e+07
3.133967103999999911e+07
3.106218171200000122e+07
3.074351396000000089e+07
3.038712057200000063e+07
2.999632732800000161e+07
2.957452737200000137e+07
2.912554044399999827e+07
2.865337446000000089e+07
2.816224148800000176e+07
2.765625462400000170e+07
2.713988085599999875e+07
2.661770951599999890e+07
2.609401131599999964e+07
2.557360346799999848e+07
2.506069650000000000e+07
2.455983823600000143e+07
2.407543110399999842e+07
2.361153316800000146e+07
2.317221691200000048e+07
2.276144871200000122e+07
2.238302350000000000e+07
2.204019117199999839e+07
2.173614387200000137e+07
2.147385048400000110e+07
2.125550675600000098e+07
2.108352108799999952e+07
2.095936947199999914e+07
2.088445039200000092e+07
1.042967312800000049e+07
0.000000000000000000e+00
0.000000000000000000e+00
0.000000000000000000e+00
0.000000000000000000e+00
0.000000000000000000e+00
0.000000000000000000e+00
0.000000000000000000e+00
0.000000000000000000e+00
0.000000000000000000e+00
0.000000000000000000e+00
0.000000000000000000e+00
0.000000000000000000e+00
0.000000000000000000e+00
0.000000000000000000e+00
0.000000000000000000e+00
0.000000000000000000e+00
0.000000000000000000e+00
0.000000000000000000e+00
0.000000000000000000e+00
0.000000000000000000e+00
0.000000000000000000e+00
0.000000000000000000e+00
0.000000000000000000e+00
0.000000000000000000e+00
0.000000000000000000e+00
0.000000000000000000e+00
0.000000000000000000e+00
0.000000000000000000e+00
0.000000000000000000e+00
0.000000000000000000e+00
0.000000000000000000e+00
10x50 ensembles written - L=64,p=0.02,omega=0.005