1.528998749599999934e+07
3.041055639200000092e+07
3.027323762400000170e+07
3.010405067599999905e+07
2.990520950800000131e+07
2.967864869200000167e+07
2.942654328400000185e+07
2.915150085999999940e+07
2.885593455200000107e+07
2.854214069999999925e+07
2.821248184400000051e+07
2.786976185200000182e+07
2.751666621200000122e+07
2.715607648400000110e+07
2.679066624799999967e+07
2.642353425600000098e+07
2.605744085200000182e+07
2.569525478400000185e+07
2.533996635999999940e+07
2.499439306399999931e+07
2.466126058399999887e+07
2.434329343200000003e+07
2.404299702800000086e+07
2.376278247599999979e+07
2.350513776000000164e+07
2.327201335599999875e+07
2.306543094000000134e+07
2.288738870399999991e+07
2.273962101999999955e+07
2.262316151599999890e+07
2.253930164000000060e+07
2.248863938800000027e+07
1.123572041599999927e+07
0.000000000000000000e+00
0.000000000000000000e+00
0.000000000000000000e+00
0.000000000000000000e+00
0.000000000000000000e+00
0.000000000000000000e+00
0.000000000000000000e+00
0.000000000000000000e+00
0.000000000000000000e+00
0.000000000000000000e+00
0.000000000000000000e+00
0.000000000000000000e+00
0.000000000000000000e+00
0.000000000000000000e+00
0.000000000000000000e+00
0.000000000000000000e+00
0.000000000000000000e+00
0.000000000000000000e+00
0.000000000000000000e+00
0.000000000000000000e+00
0.000000000000000000e+00
0.000000000000000000e+00
0.000000000000000000e+00
0.000000000000000000e+00
0.000000000000000000e+00
0.000000000000000000e+00
0.000000000000000000e+00
0.000000000000000000e+00
0.000000000000000000e+00
0.000000000000000000e+00
0.000000000000000000e+00
10x50 ensembles written - L=64,p=0.02,omega=0.009