1.360520411999999918e+07
2.691479843555555493e+07
2.675656088888888806e+07
2.662319770222222060e+07
2.651314085777777806e+07
2.642394005333333462e+07
2.635193440444444492e+07
2.629388744000000134e+07
2.624728453333333507e+07
2.620948926222222298e+07
2.617964086666666716e+07
2.615520842666666582e+07
2.613581023555555567e+07
2.612032759111111239e+07
2.610790498666666821e+07
2.609771961777777597e+07
2.608971307999999821e+07
2.608362604444444552e+07
2.607871335111111030e+07
2.607464716000000015e+07
2.607141731555555388e+07
2.606871072888888791e+07
2.606675770222222060e+07
2.606529383111111075e+07
2.606424135555555671e+07
2.606333422666666657e+07
2.606252886666666716e+07
2.606187392888888717e+07
2.606122606666666642e+07
2.606087272444444522e+07
2.606079391111111268e+07
2.606062896000000089e+07
1.303037132444444485e+07
0.000000000000000000e+00
0.000000000000000000e+00
0.000000000000000000e+00
0.000000000000000000e+00
0.000000000000000000e+00
0.000000000000000000e+00
0.000000000000000000e+00
0.000000000000000000e+00
0.000000000000000000e+00
0.000000000000000000e+00
0.000000000000000000e+00
0.000000000000000000e+00
0.000000000000000000e+00
0.000000000000000000e+00
0.000000000000000000e+00
0.000000000000000000e+00
0.000000000000000000e+00
0.000000000000000000e+00
0.000000000000000000e+00
0.000000000000000000e+00
0.000000000000000000e+00
0.000000000000000000e+00
0.000000000000000000e+00
0.000000000000000000e+00
0.000000000000000000e+00
0.000000000000000000e+00
0.000000000000000000e+00
0.000000000000000000e+00
0.000000000000000000e+00
0.000000000000000000e+00
0.000000000000000000e+00
9x50 ensembles written - L=64,p=0.02,omega=0.033