1.388016293999999948e+07
2.750496869599999860e+07
2.735030616400000080e+07
2.720210413599999994e+07
2.706276925200000033e+07
2.693252005999999866e+07
2.681165462000000104e+07
2.669963665199999884e+07
2.659589328000000119e+07
2.649987053999999911e+07
2.641100198000000045e+07
2.632895923600000143e+07
2.625307562799999863e+07
2.618308068400000036e+07
2.611844967599999905e+07
2.605912791200000048e+07
2.600468617999999970e+07
2.595483266000000015e+07
2.590902227600000054e+07
2.586795157200000063e+07
2.583005439600000158e+07
2.579587860799999908e+07
2.576514925600000098e+07
2.573805481599999964e+07
2.571396304399999976e+07
2.569318015199999884e+07
2.567523073999999836e+07
2.566020388399999961e+07
2.564815150800000131e+07
2.563857845199999958e+07
2.563181568400000036e+07
2.562735671200000122e+07
1.281310860400000028e+07
0.000000000000000000e+00
0.000000000000000000e+00
0.000000000000000000e+00
0.000000000000000000e+00
0.000000000000000000e+00
0.000000000000000000e+00
0.000000000000000000e+00
0.000000000000000000e+00
0.000000000000000000e+00
0.000000000000000000e+00
0.000000000000000000e+00
0.000000000000000000e+00
0.000000000000000000e+00
0.000000000000000000e+00
0.000000000000000000e+00
0.000000000000000000e+00
0.000000000000000000e+00
0.000000000000000000e+00
0.000000000000000000e+00
0.000000000000000000e+00
0.000000000000000000e+00
0.000000000000000000e+00
0.000000000000000000e+00
0.000000000000000000e+00
0.000000000000000000e+00
0.000000000000000000e+00
0.000000000000000000e+00
0.000000000000000000e+00
0.000000000000000000e+00
0.000000000000000000e+00
0.000000000000000000e+00
10x50 ensembles written - L=64,p=0.02,omega=0.021