1.930322098857142776e+07
3.823272998857142776e+07
3.803276870285714418e+07
3.786429663428571075e+07
3.772586925142857432e+07
3.761315974857142568e+07
3.752153756571428478e+07
3.744832513714285940e+07
3.738919865714285523e+07
3.734136300571428239e+07
3.730277082285714149e+07
3.727165579428571463e+07
3.724733623428571224e+07
3.722759200000000000e+07
3.721149724000000209e+07
3.719941346857143193e+07
3.718909238857142627e+07
3.718123070857142657e+07
3.717525789142857492e+07
3.717028698285714537e+07
3.716630118285714090e+07
3.716314646857143193e+07
3.716069269142857194e+07
3.715868015428571403e+07
3.715690476571428776e+07
3.715519475999999791e+07
3.715345478285714239e+07
3.715186036571428925e+07
3.715107293714285642e+07
3.715101086285714060e+07
3.715114200571428239e+07
3.715055070285714418e+07
3.715043209142857045e+07
3.715008935999999940e+07
3.714947740571428835e+07
3.714940100571428239e+07
1.857478524571428448e+07
0.000000000000000000e+00
0.000000000000000000e+00
0.000000000000000000e+00
0.000000000000000000e+00
0.000000000000000000e+00
0.000000000000000000e+00
0.000000000000000000e+00
0.000000000000000000e+00
0.000000000000000000e+00
0.000000000000000000e+00
0.000000000000000000e+00
0.000000000000000000e+00
0.000000000000000000e+00
0.000000000000000000e+00
0.000000000000000000e+00
0.000000000000000000e+00
0.000000000000000000e+00
0.000000000000000000e+00
0.000000000000000000e+00
0.000000000000000000e+00
0.000000000000000000e+00
0.000000000000000000e+00
0.000000000000000000e+00
0.000000000000000000e+00
0.000000000000000000e+00
0.000000000000000000e+00
0.000000000000000000e+00
0.000000000000000000e+00
0.000000000000000000e+00
0.000000000000000000e+00
0.000000000000000000e+00
0.000000000000000000e+00
0.000000000000000000e+00
0.000000000000000000e+00
0.000000000000000000e+00
7x50 ensembles written - L=72,p=0.02,omega=0.033