1.398112716000000015e+07
2.771780252888888866e+07
2.756606028000000119e+07
2.741703945777777955e+07
2.727247526222222298e+07
2.713403387111110985e+07
2.700178901333333179e+07
2.687569145333333313e+07
2.675533137333333492e+07
2.664125524888888747e+07
2.653311919555555657e+07
2.643052465777777880e+07
2.633341107555555552e+07
2.624155129777777940e+07
2.615519152888888866e+07
2.607398712000000104e+07
2.599768004888888821e+07
2.592610522222222388e+07
2.585959780000000075e+07
2.579794205333333462e+07
2.574091319555555657e+07
2.568842919999999925e+07
2.564068162666666508e+07
2.559766588444444537e+07
2.555920369777777791e+07
2.552521951555555686e+07
2.549559803999999911e+07
2.547072772444444522e+07
2.545048334222222120e+07
2.543444458222222328e+07
2.542304622666666657e+07
2.541582891111111268e+07
1.270684240444444492e+07
0.000000000000000000e+00
0.000000000000000000e+00
0.000000000000000000e+00
0.000000000000000000e+00
0.000000000000000000e+00
0.000000000000000000e+00
0.000000000000000000e+00
0.000000000000000000e+00
0.000000000000000000e+00
0.000000000000000000e+00
0.000000000000000000e+00
0.000000000000000000e+00
0.000000000000000000e+00
0.000000000000000000e+00
0.000000000000000000e+00
0.000000000000000000e+00
0.000000000000000000e+00
0.000000000000000000e+00
0.000000000000000000e+00
0.000000000000000000e+00
0.000000000000000000e+00
0.000000000000000000e+00
0.000000000000000000e+00
0.000000000000000000e+00
0.000000000000000000e+00
0.000000000000000000e+00
0.000000000000000000e+00
0.000000000000000000e+00
0.000000000000000000e+00
0.000000000000000000e+00
0.000000000000000000e+00
9x50 ensembles written - L=64,p=0.02,omega=0.019