1.365845215200000070e+07
2.703107437999999896e+07
2.687207696400000155e+07
2.673328091600000113e+07
2.661445197599999979e+07
2.651393512799999863e+07
2.642902947599999979e+07
2.635770505600000173e+07
2.629810082400000095e+07
2.624812879199999943e+07
2.620648135599999875e+07
2.617158043200000003e+07
2.614207296799999848e+07
2.611740457999999821e+07
2.609678837200000137e+07
2.607975822399999946e+07
2.606560057999999821e+07
2.605320675200000033e+07
2.604311693200000003e+07
2.603449491200000048e+07
2.602731848400000110e+07
2.602128325600000098e+07
2.601617503599999845e+07
2.601213143600000069e+07
2.600901259200000018e+07
2.600613204399999976e+07
2.600412098800000176e+07
2.600225815599999949e+07
2.600073557200000063e+07
2.599951493600000069e+07
2.599874558799999952e+07
2.599783279600000009e+07
1.299879834400000051e+07
0.000000000000000000e+00
0.000000000000000000e+00
0.000000000000000000e+00
0.000000000000000000e+00
0.000000000000000000e+00
0.000000000000000000e+00
0.000000000000000000e+00
0.000000000000000000e+00
0.000000000000000000e+00
0.000000000000000000e+00
0.000000000000000000e+00
0.000000000000000000e+00
0.000000000000000000e+00
0.000000000000000000e+00
0.000000000000000000e+00
0.000000000000000000e+00
0.000000000000000000e+00
0.000000000000000000e+00
0.000000000000000000e+00
0.000000000000000000e+00
0.000000000000000000e+00
0.000000000000000000e+00
0.000000000000000000e+00
0.000000000000000000e+00
0.000000000000000000e+00
0.000000000000000000e+00
0.000000000000000000e+00
0.000000000000000000e+00
0.000000000000000000e+00
0.000000000000000000e+00
0.000000000000000000e+00
10x50 ensembles written - L=64,p=0.02,omega=0.029