2.292058891000000015e+07
4.567625904500000179e+07
4.551335215500000119e+07
4.529209860499999672e+07
4.501470277499999851e+07
4.468403916499999911e+07
4.430316190999999642e+07
4.387515121000000089e+07
4.340334326500000060e+07
4.289121464000000060e+07
4.234272373499999940e+07
4.176174753000000119e+07
4.115253153999999911e+07
4.051939584499999881e+07
3.986682059000000358e+07
3.919919443999999762e+07
3.852098279500000179e+07
3.783706497500000149e+07
3.715180663000000268e+07
3.647025387500000000e+07
3.579702303999999911e+07
3.513674000999999791e+07
3.449394206000000238e+07
3.387293760000000149e+07
3.327821521000000089e+07
3.271393857000000030e+07
3.218392019999999925e+07
3.169180128500000015e+07
3.124102161499999836e+07
3.083520760000000149e+07
3.047700776999999955e+07
3.016910185000000149e+07
2.991396769500000030e+07
2.971351939999999851e+07
2.956918889999999851e+07
2.948228014499999955e+07
1.472655341499999911e+07
0.000000000000000000e+00
0.000000000000000000e+00
0.000000000000000000e+00
0.000000000000000000e+00
0.000000000000000000e+00
0.000000000000000000e+00
0.000000000000000000e+00
0.000000000000000000e+00
0.000000000000000000e+00
0.000000000000000000e+00
0.000000000000000000e+00
0.000000000000000000e+00
0.000000000000000000e+00
0.000000000000000000e+00
0.000000000000000000e+00
0.000000000000000000e+00
0.000000000000000000e+00
0.000000000000000000e+00
0.000000000000000000e+00
0.000000000000000000e+00
0.000000000000000000e+00
0.000000000000000000e+00
0.000000000000000000e+00
0.000000000000000000e+00
0.000000000000000000e+00
0.000000000000000000e+00
0.000000000000000000e+00
0.000000000000000000e+00
0.000000000000000000e+00
0.000000000000000000e+00
0.000000000000000000e+00
0.000000000000000000e+00
0.000000000000000000e+00
0.000000000000000000e+00
0.000000000000000000e+00
8x50 ensembles written - L=72,p=0.02,omega=0.005