1.956447679199999943e+07
3.879484479200000316e+07
3.859734078400000185e+07
3.841376430399999768e+07
3.824606247999999672e+07
3.809420967999999970e+07
3.795713715600000322e+07
3.783370257199999690e+07
3.772286230399999768e+07
3.762250467599999905e+07
3.753236753599999845e+07
3.745130704800000042e+07
3.737837108799999952e+07
3.731296830399999768e+07
3.725416167599999905e+07
3.720106191600000113e+07
3.715326303199999779e+07
3.710999420400000364e+07
3.707135685599999875e+07
3.703638515600000322e+07
3.700472958399999887e+07
3.697638372399999946e+07
3.695070278000000119e+07
3.692767896800000221e+07
3.690722502799999714e+07
3.688854238400000334e+07
3.687241813599999994e+07
3.685815451600000262e+07
3.684593437200000137e+07
3.683514307999999821e+07
3.682625517999999970e+07
3.681862355200000107e+07
3.681293935999999940e+07
3.680851486400000006e+07
3.680558010800000280e+07
3.680409164800000191e+07
1.840174035999999940e+07
0.000000000000000000e+00
0.000000000000000000e+00
0.000000000000000000e+00
0.000000000000000000e+00
0.000000000000000000e+00
0.000000000000000000e+00
0.000000000000000000e+00
0.000000000000000000e+00
0.000000000000000000e+00
0.000000000000000000e+00
0.000000000000000000e+00
0.000000000000000000e+00
0.000000000000000000e+00
0.000000000000000000e+00
0.000000000000000000e+00
0.000000000000000000e+00
0.000000000000000000e+00
0.000000000000000000e+00
0.000000000000000000e+00
0.000000000000000000e+00
0.000000000000000000e+00
0.000000000000000000e+00
0.000000000000000000e+00
0.000000000000000000e+00
0.000000000000000000e+00
0.000000000000000000e+00
0.000000000000000000e+00
0.000000000000000000e+00
0.000000000000000000e+00
0.000000000000000000e+00
0.000000000000000000e+00
0.000000000000000000e+00
0.000000000000000000e+00
0.000000000000000000e+00
0.000000000000000000e+00
10x50 ensembles written - L=72,p=0.02,omega=0.023