2.081649942285714298e+07
4.138408764000000060e+07
4.121299471999999881e+07
4.102413084000000358e+07
4.081882265714285523e+07
4.059907634285714477e+07
4.036639892571428418e+07
4.012232062285714597e+07
3.986766492571428418e+07
3.960390939428571612e+07
3.933257275428571552e+07
3.905521065714285523e+07
3.877306250285714120e+07
3.848724022285714000e+07
3.819932437714285403e+07
3.791076428571428359e+07
3.762313473142857105e+07
3.733788253714285791e+07
3.705646459428571165e+07
3.678046325142857432e+07
3.651098028571428359e+07
3.624964513714285940e+07
3.599774266285714507e+07
3.575649458285713941e+07
3.552734061142857373e+07
3.531193173142857105e+07
3.511084220000000298e+07
3.492485832571428269e+07
3.475573962857142836e+07
3.460437634285714477e+07
3.447149728571428359e+07
3.435760686285714060e+07
3.426352685142856836e+07
3.418991857142857462e+07
3.413656337714285403e+07
3.410477211428571492e+07
1.704693802285714447e+07
0.000000000000000000e+00
0.000000000000000000e+00
0.000000000000000000e+00
0.000000000000000000e+00
0.000000000000000000e+00
0.000000000000000000e+00
0.000000000000000000e+00
0.000000000000000000e+00
0.000000000000000000e+00
0.000000000000000000e+00
0.000000000000000000e+00
0.000000000000000000e+00
0.000000000000000000e+00
0.000000000000000000e+00
0.000000000000000000e+00
0.000000000000000000e+00
0.000000000000000000e+00
0.000000000000000000e+00
0.000000000000000000e+00
0.000000000000000000e+00
0.000000000000000000e+00
0.000000000000000000e+00
0.000000000000000000e+00
0.000000000000000000e+00
0.000000000000000000e+00
0.000000000000000000e+00
0.000000000000000000e+00
0.000000000000000000e+00
0.000000000000000000e+00
0.000000000000000000e+00
0.000000000000000000e+00
0.000000000000000000e+00
0.000000000000000000e+00
0.000000000000000000e+00
0.000000000000000000e+00
7x50 ensembles written - L=72,p=0.02,omega=0.013