1.414636772800000012e+07
2.806138758799999952e+07
2.791329568400000036e+07
2.776283609600000083e+07
2.761213826000000164e+07
2.746250918800000101e+07
2.731443052400000021e+07
2.716833496000000089e+07
2.702478326000000164e+07
2.688391555600000173e+07
2.674610837999999896e+07
2.661153108799999952e+07
2.648060385999999940e+07
2.635353364400000125e+07
2.623055659200000018e+07
2.611193689999999851e+07
2.599826683199999854e+07
2.588992367199999839e+07
2.578663722800000012e+07
2.568921490799999982e+07
2.559781082400000095e+07
2.551242038800000027e+07
2.543377057600000128e+07
2.536214267199999839e+07
2.529720567599999905e+07
2.523955894000000134e+07
2.518904985200000182e+07
2.514636416000000015e+07
2.511101085599999875e+07
2.508343800000000000e+07
2.506370180000000075e+07
2.505198478799999878e+07
1.252402951999999955e+07
0.000000000000000000e+00
0.000000000000000000e+00
0.000000000000000000e+00
0.000000000000000000e+00
0.000000000000000000e+00
0.000000000000000000e+00
0.000000000000000000e+00
0.000000000000000000e+00
0.000000000000000000e+00
0.000000000000000000e+00
0.000000000000000000e+00
0.000000000000000000e+00
0.000000000000000000e+00
0.000000000000000000e+00
0.000000000000000000e+00
0.000000000000000000e+00
0.000000000000000000e+00
0.000000000000000000e+00
0.000000000000000000e+00
0.000000000000000000e+00
0.000000000000000000e+00
0.000000000000000000e+00
0.000000000000000000e+00
0.000000000000000000e+00
0.000000000000000000e+00
0.000000000000000000e+00
0.000000000000000000e+00
0.000000000000000000e+00
0.000000000000000000e+00
0.000000000000000000e+00
0.000000000000000000e+00
10x50 ensembles written - L=64,p=0.02,omega=0.017