1.948365576799999923e+07
3.862249987200000137e+07
3.842296974400000274e+07
3.824080316399999708e+07
3.807802991600000113e+07
3.793432839999999851e+07
3.780773072800000012e+07
3.769665491200000048e+07
3.759921972800000012e+07
3.751397974800000340e+07
3.743913682400000095e+07
3.737330780799999833e+07
3.731507309600000083e+07
3.726428020799999684e+07
3.721942437600000203e+07
3.718072720799999684e+07
3.714701900400000066e+07
3.711758423200000077e+07
3.709158338000000268e+07
3.706864311999999732e+07
3.704847637600000203e+07
3.703125306000000238e+07
3.701632190399999917e+07
3.700329971199999750e+07
3.699228695199999958e+07
3.698298623200000077e+07
3.697471691200000048e+07
3.696749338400000334e+07
3.696117107599999756e+07
3.695606836400000006e+07
3.695159698399999738e+07
3.694800181599999964e+07
3.694548832000000030e+07
3.694338750400000066e+07
3.694197717599999905e+07
3.694109015600000322e+07
1.847053283599999920e+07
0.000000000000000000e+00
0.000000000000000000e+00
0.000000000000000000e+00
0.000000000000000000e+00
0.000000000000000000e+00
0.000000000000000000e+00
0.000000000000000000e+00
0.000000000000000000e+00
0.000000000000000000e+00
0.000000000000000000e+00
0.000000000000000000e+00
0.000000000000000000e+00
0.000000000000000000e+00
0.000000000000000000e+00
0.000000000000000000e+00
0.000000000000000000e+00
0.000000000000000000e+00
0.000000000000000000e+00
0.000000000000000000e+00
0.000000000000000000e+00
0.000000000000000000e+00
0.000000000000000000e+00
0.000000000000000000e+00
0.000000000000000000e+00
0.000000000000000000e+00
0.000000000000000000e+00
0.000000000000000000e+00
0.000000000000000000e+00
0.000000000000000000e+00
0.000000000000000000e+00
0.000000000000000000e+00
0.000000000000000000e+00
0.000000000000000000e+00
0.000000000000000000e+00
0.000000000000000000e+00
10x50 ensembles written - L=72,p=0.02,omega=0.025