1.362807762800000049e+07
2.696576000400000066e+07
2.680755256799999997e+07
2.667209229199999943e+07
2.655807521999999881e+07
2.646349292000000179e+07
2.638558084800000116e+07
2.632110521200000122e+07
2.626829404800000042e+07
2.622507129199999943e+07
2.618998300000000000e+07
2.616120425200000033e+07
2.613737072800000012e+07
2.611797067599999905e+07
2.610228930799999833e+07
2.608910135599999875e+07
2.607852931199999899e+07
2.606951023600000143e+07
2.606246754800000042e+07
2.605659973999999836e+07
2.605210833599999920e+07
2.604837201999999955e+07
2.604530919999999925e+07
2.604278991600000113e+07
2.604046780400000140e+07
2.603875726000000164e+07
2.603738718400000036e+07
2.603660459200000018e+07
2.603558861199999973e+07
2.603531024799999967e+07
2.603524073999999836e+07
2.603506838800000027e+07
1.301766751200000010e+07
0.000000000000000000e+00
0.000000000000000000e+00
0.000000000000000000e+00
0.000000000000000000e+00
0.000000000000000000e+00
0.000000000000000000e+00
0.000000000000000000e+00
0.000000000000000000e+00
0.000000000000000000e+00
0.000000000000000000e+00
0.000000000000000000e+00
0.000000000000000000e+00
0.000000000000000000e+00
0.000000000000000000e+00
0.000000000000000000e+00
0.000000000000000000e+00
0.000000000000000000e+00
0.000000000000000000e+00
0.000000000000000000e+00
0.000000000000000000e+00
0.000000000000000000e+00
0.000000000000000000e+00
0.000000000000000000e+00
0.000000000000000000e+00
0.000000000000000000e+00
0.000000000000000000e+00
0.000000000000000000e+00
0.000000000000000000e+00
0.000000000000000000e+00
0.000000000000000000e+00
0.000000000000000000e+00
10x50 ensembles written - L=64,p=0.02,omega=0.031