1.985205630000000075e+07
3.939703657999999821e+07
3.920730928400000185e+07
3.902112908799999952e+07
3.884108690799999982e+07
3.866839705600000173e+07
3.850366811999999732e+07
3.834629842400000244e+07
3.819580879200000316e+07
3.805238397200000286e+07
3.791540491200000048e+07
3.778485785599999875e+07
3.766027992000000179e+07
3.754146934000000358e+07
3.742816110800000280e+07
3.732065732400000095e+07
3.721855962799999863e+07
3.712182244399999827e+07
3.703043432800000161e+07
3.694449130799999833e+07
3.686348726399999857e+07
3.678790640399999917e+07
3.671741753999999911e+07
3.665210257199999690e+07
3.659150121599999815e+07
3.653575661599999666e+07
3.648513991600000113e+07
3.643938034000000358e+07
3.639835228400000185e+07
3.636223159600000083e+07
3.633104209600000083e+07
3.630453215999999642e+07
3.628293203599999845e+07
3.626618708799999952e+07
3.625411286400000006e+07
3.624706798799999803e+07
1.812233732800000161e+07
0.000000000000000000e+00
0.000000000000000000e+00
0.000000000000000000e+00
0.000000000000000000e+00
0.000000000000000000e+00
0.000000000000000000e+00
0.000000000000000000e+00
0.000000000000000000e+00
0.000000000000000000e+00
0.000000000000000000e+00
0.000000000000000000e+00
0.000000000000000000e+00
0.000000000000000000e+00
0.000000000000000000e+00
0.000000000000000000e+00
0.000000000000000000e+00
0.000000000000000000e+00
0.000000000000000000e+00
0.000000000000000000e+00
0.000000000000000000e+00
0.000000000000000000e+00
0.000000000000000000e+00
0.000000000000000000e+00
0.000000000000000000e+00
0.000000000000000000e+00
0.000000000000000000e+00
0.000000000000000000e+00
0.000000000000000000e+00
0.000000000000000000e+00
0.000000000000000000e+00
0.000000000000000000e+00
0.000000000000000000e+00
0.000000000000000000e+00
0.000000000000000000e+00
0.000000000000000000e+00
10x50 ensembles written - L=72,p=0.02,omega=0.019