0.01 0.022 1893.3536461538463 3626991.9428923083 13636482920707.48
0.0235 0.022 1927.0229444444446 3738480.8012666665 14277138067662.012
0.037 0.022 1943.3834416666668 3791579.983325 14561528159675.562
0.0505 0.022 1943.4976114285714 3787253.895845714 14471718552501.217
0.06399999999999999 0.022 1933.45475 3746130.1808166667 14134711852975.46
0.07750000000000001 0.022 1917.9559117647057 3685460.016976471 13670769504994.9
0.09099999999999998 0.022 1898.1191333333336 3609663.335833334 13115155019235.387
0.10450000000000001 0.022 1876.5685727272732 3528544.6178030306 12537179530696.488
0.11799999999999998 0.022 1852.790525 3440673.9395083333 11931627755876.814
0.1315 0.022 1826.484340625 3345303.485521876 11296720432102.127
0.145 0.022 1798.7842249999999 3246756.706241667 10663132725142.887
0.1585 0.022 1768.6840967741932 3141916.035058065 10015060989722.514
0.172 0.022 1736.2750916666666 3031760.774558333 9362821392530.059
0.18550000000000003 0.022 1699.8754161290326 2911694.7857322586 8686901403064.269
0.19899999999999998 0.022 1663.3611363636362 2794268.878045455 8054901100059.849
0.21250000000000002 0.022 1623.9837766666665 2671359.25115 7426534872879.356
