0.01 0.022 2366.48834939759 5671006.398277108 33424018506673.156
0.0235 0.022 2417.044259259259 5883679.39012037 35401472358267.61
0.037 0.022 2443.6342962962963 5995164.8626666665 36411403389550.67
0.0505 0.022 2447.398347619048 6004445.259014286 36352013575799.09
0.06399999999999999 0.022 2436.364936708861 5946691.313291138 35586226263123.945
0.07750000000000001 0.022 2417.5754243902443 5853849.983892684 34456468617071.87
0.09099999999999998 0.022 2392.6584605263156 5733873.734328947 33060346777230.18
0.10450000000000001 0.022 2365.113437810945 5603311.644154226 31584209950381.305
0.11799999999999998 0.022 2333.544116883117 5456161.441831169 29972877333794.195
0.1315 0.022 2299.705119402985 5301031.75382587 28328133572532.0
0.145 0.022 2263.8262837837838 5140356.996662162 26692478009407.23
0.1585 0.022 2222.5126683937824 4959656.807901555 24929860389825.754
0.172 0.022 2179.0365540540542 4773663.8871756755 23187438167194.816
0.18550000000000003 0.022 2130.7639538461535 4573769.343071795 21417110599222.33
0.19899999999999998 0.022 2080.3882432432433 4370831.524945946 19705196978612.4
0.21250000000000002 0.022 2026.5190994764394 4160941.5194240836 18031782592344.01
