0.0195 0.02 2012.819977777778 4132871.3090444445 18121236013728.777
0.0385 0.02 2145.5497777777778 4629129.0646222215 21806189175076.27
0.057499999999999996 0.02 2158.896545454545 4671691.5319090905 21994746394196.01
0.0765 0.02 2133.6216590909094 4559379.722613637 20899597933899.918
0.0955 0.02 2093.90875 4391062.691113636 19383824603243.51
0.1145 0.02 2046.6738139534884 4196136.200837209 17715700485172.05
0.13349999999999998 0.02 1990.9857674418608 3973710.5690697674 15922853797562.537
0.1525 0.02 1925.3854651162792 3721345.735744186 14026255836957.0
0.17149999999999999 0.02 1846.274069767442 3431352.702255814 12026134156272.498
0.19049999999999997 0.02 1747.8505714285714 3090429.574285714 9900032092711.13
0.2095 0.02 1634.1619756097562 2722869.115634147 7867731878144.465
0.22849999999999998 0.02 1495.0162380952381 2308824.120666667 5881373939700.398
0.24749999999999997 0.02 1346.3830952380952 1904804.8643809524 4213299099313.8086
0.2665 0.02 1194.6676190476192 1528857.1430000004 2884634233433.663
0.28550000000000003 0.02 1057.3759523809524 1221571.4385238094 1964516449722.17
0.3045 0.02 935.4804285714287 972614.98 1323755283180.0127
0.3235 0.02 833.4459512195122 782741.0873658536 904819542810.7979
0.3425 0.02 747.0872439024391 635821.2365121952 623956742058.73
