0.0195 0.02 1613.8183000000001 2653212.869528571 7440452369708.807
0.0385 0.02 1699.4884000000002 2906282.764533333 8611343751531.716
0.057499999999999996 0.02 1705.3601333333331 2917311.081133333 8597233419563.598
0.0765 0.02 1684.80345 2845441.021283333 8161728268314.093
0.0955 0.02 1654.9822666666662 2745183.748066666 7593791385622.812
0.1145 0.02 1617.1951333333334 2622235.5164 6937838714958.04
0.13349999999999998 0.02 1572.3559 2481105.6644 6228862781795.223
0.1525 0.02 1521.2010833333334 2325733.612716667 5498828331511.24
0.17149999999999999 0.02 1458.690666666667 2145296.1245 4723705278015.242
0.19049999999999997 0.02 1383.9939499999996 1941668.7858166674 3931666734029.2783
0.2095 0.02 1297.0100833333333 1718510.572916667 3152685612948.806
0.22849999999999998 0.02 1197.3949 1482126.8469666669 2429643419231.417
0.24749999999999997 0.02 1089.7556499999998 1247599.9319499999 1806440089707.292
0.2665 0.02 979.0295833333333 1024183.1753500002 1284518961906.3628
0.28550000000000003 0.02 881.2454166666665 844375.20805 922582436523.6201
0.3045 0.02 790.6118333333335 690568.3980333335 652200381900.0494
0.3235 0.02 710.7697166666667 566066.9877166667 461874280786.2187
0.3425 0.02 647.1252333333333 474535.98966666666 339382154425.26227
