0.01 0.02 1511.3577750000002 2361632.6357 6153378699913.103
0.048 0.02 1708.2280142857144 2929933.5767285717 8696766858656.265
0.086 0.02 1671.2037714285711 2798842.0117714293 7890257621717.42
0.12399999999999999 0.02 1595.4226428571428 2553063.883671429 6584689216008.651
0.162 0.02 1490.636214285714 2236438.528985714 5106974472441.79
0.2 0.02 1340.1053428571427 1827171.108142857 3520502974377.076
0.238 0.02 1143.0553571428572 1361030.9193285713 2095806682759.8103
0.276 0.02 930.4021833333334 932358.9239833333 1091701330048.9478
0.314 0.02 751.2247 627588.4306666666 552069452255.0359
0.352 0.02 617.9215166666668 434402.5183166667 289053739923.68134
