0.01 0.02 1864.296592592593 3605888.6841481477 14492453165557.887
0.048 0.02 2159.3342692307697 4678450.734538461 22127707099532.24
0.086 0.02 2114.1288269230768 4477084.756057692 20159296423227.97
0.12399999999999999 0.02 2020.496882352941 4090768.1393137258 16853636651685.447
0.162 0.02 1887.4296 3579726.2915999996 13019981589449.438
0.2 0.02 1694.5529999999999 2914613.749440001 8895941619518.234
0.238 0.02 1418.8491399999998 2097807.82594 4984799906044.579
0.276 0.02 1122.6450612244898 1364708.438244898 2379468287353.53
0.314 0.02 885.6694375000001 877792.4017291666 1105098284826.3875
0.352 0.02 710.4311666666667 578377.648125 530013280955.6005
