0.01 0.02 4891.627380952381 25542512.935897432 791602330209488.0
0.01475 0.02 5348.645146520147 30011464.97664835 1036518627804908.2
0.0195 0.02 5794.332463369963 34623095.30398352 1312353092482820.0
0.02425 0.02 6164.193131868132 38685400.15796704 1578989630385004.2
0.028 0.02 6402.874659231722 41440429.81694547 1774355051060668.0
0.029 0.02 6443.648829588014 41926022.4213015 1810486596379157.8
0.032 0.02 6577.241087092732 43519745.086763784 1929702370079078.5
0.03375 0.02 6623.639259259259 44081813.24305556 1972658805555522.8
0.0385 0.02 6732.150234082397 45429169.73309925 2080027955639537.5
0.043250000000000004 0.02 6781.5596153846145 46050845.87701465 2130588764467851.0
0.048 0.02 6802.856107954545 46321900.53309659 2152755742782532.2
0.052750000000000005 0.02 6811.957069288389 46430525.14199438 2160606820375384.0
0.057499999999999996 0.02 6806.327982954545 46348372.1920928 2152072495266298.8
0.067 0.02 6774.973782771535 45915583.45 2110985243888474.8
0.0765 0.02 6727.044147940075 45267406.7366573 2051673575970826.8
0.086 0.02 6669.083668582376 44490125.94018199 1981724386804037.0
0.0955 0.02 6605.712835249042 43648322.37001917 1907404867742494.5
0.10500000000000001 0.02 6532.533237547893 42687545.395593874 1824516902763093.5
0.1145 0.02 6457.360536398468 41711966.747701146 1742265017561988.5
0.12399999999999999 0.02 6375.599467054263 40664508.525532946 1656200517280761.5
0.13349999999999998 0.02 6287.813856589148 39555653.85106589 1567549740952930.2
0.14300000000000002 0.02 6187.382412790698 38305965.22659884 1470607621629212.8
0.1525 0.02 6082.849705882353 37028026.73352941 1374836028909871.0
0.162 0.02 5964.91955882353 35613124.33142157 1272673031308296.0
0.17149999999999999 0.02 5842.283235294118 34171843.4982353 1172770301307983.5
0.18100000000000002 0.02 5702.43794117647 32581290.350784313 1068789403557205.6
0.19049999999999997 0.02 5536.419411764707 30748025.160196077 955520575221847.2
0.2 0.02 5342.449019607843 28697933.97647059 838210460119652.2
0.2095 0.02 5100.589285714286 26282864.296230156 713123068452169.6
0.21900000000000003 0.02 4792.183878968254 23383942.34618056 577822004477026.9
0.22849999999999998 0.02 4437.977947154471 20297542.612195123 450974698984318.4
0.238 0.02 4052.6328373015867 17170596.51140873 337016994400636.8
0.24749999999999997 0.02 3665.4261546184734 14284404.906074297 245580070545157.2
0.25700000000000006 0.02 3247.3838353413653 11429077.563453818 167564405144990.28
0.2665 0.02 2912.7432730923697 9332778.181024097 117580152377324.72
0.276 0.02 2606.200652610442 7567592.2581827305 81298786268040.6
0.28550000000000003 0.02 2323.7520833333333 6085495.971087398 55069437122258.484
0.29500000000000004 0.02 2101.6867469879517 5027845.238453816 39223700340141.63
0.3045 0.02 1906.382825203252 4156834.875101626 27554256795239.184
0.314 0.02 1735.5550813008128 3457843.918597561 19560805313102.832
0.3235 0.02 1602.6020833333334 2974167.2042174796 15033057961545.47
0.3330000000000001 0.02 1463.9568597560976 2477103.472510163 10511685376883.938
0.3425 0.02 1366.7604674796748 2160102.8542682924 8066618097822.517
0.352 0.02 1273.2755274261606 1881186.5048523208 6248049951714.685
