0.01 0.02 1511.3577750000002 2361632.6357 6153378699913.103
0.01475 0.02 1568.1159285714284 2521295.2800714285 6846027348110.727
0.0195 0.02 1613.8183000000001 2653212.869528571 7440452369708.807
0.02425 0.02 1647.0750142857144 2750764.8960428573 7889330657967.211
0.028 0.02 1668.3348052631577 2813705.2006052625 8182548825874.988
0.029 0.02 1672.3171000000002 2825711.84298 8239090305010.565
0.032 0.02 1683.4591289473683 2859067.7275921046 8396925635256.125
0.03375 0.02 1688.837175 2875212.867574999 8473105485678.108
0.0385 0.02 1699.4884000000002 2906282.764533333 8611343751531.716
0.043250000000000004 0.02 1704.2964000000002 2918917.4777500005 8653972092638.197
0.048 0.02 1708.2280142857144 2929933.5767285717 8696766858656.265
0.052750000000000005 0.02 1706.9682999999998 2924347.378985714 8652098554386.241
0.057499999999999996 0.02 1705.3601333333331 2917311.081133333 8597233419563.598
0.067 0.02 1696.9899199999998 2887305.5467599994 8409027005710.979
0.0765 0.02 1684.80345 2845441.021283333 8161728268314.093
0.086 0.02 1671.2037714285711 2798842.0117714293 7890257621717.42
0.0955 0.02 1654.9822666666662 2745183.748066666 7593791385622.812
0.10500000000000001 0.02 1636.9871000000003 2685946.36506 7271849047272.915
0.1145 0.02 1617.1951333333334 2622235.5164 6937838714958.04
0.12399999999999999 0.02 1595.4226428571428 2553063.883671429 6584689216008.651
0.13349999999999998 0.02 1572.3559 2481105.6644 6228862781795.223
0.14300000000000002 0.02 1546.6512999999998 2402564.6547333333 5855190809590.049
0.1525 0.02 1521.2010833333334 2325733.612716667 5498828331511.24
0.162 0.02 1490.636214285714 2236438.528985714 5106974472441.79
0.17149999999999999 0.02 1458.690666666667 2145296.1245 4723705278015.242
0.18100000000000002 0.02 1422.16114 2043895.4546599998 4317846320579.1143
0.19049999999999997 0.02 1383.9939499999996 1941668.7858166674 3931666734029.2783
0.2 0.02 1340.1053428571427 1827171.108142857 3520502974377.076
0.2095 0.02 1297.0100833333333 1718510.572916667 3152685612948.806
0.21900000000000003 0.02 1249.62478 1603908.6153799999 2789921053379.552
0.22849999999999998 0.02 1197.3949 1482126.8469666669 2429643419231.417
0.238 0.02 1143.0553571428572 1361030.9193285713 2095806682759.8103
0.24749999999999997 0.02 1089.7556499999998 1247599.9319499999 1806440089707.292
0.25700000000000006 0.02 1034.03368 1132873.9250400001 1529506142871.8203
0.2665 0.02 979.0295833333333 1024183.1753500002 1284518961906.3628
0.276 0.02 930.3596285714286 932349.0294571429 1091882632012.4683
0.28550000000000003 0.02 881.2454166666665 844375.20805 922582436523.6201
0.29500000000000004 0.02 835.2371199999999 764238.51588 776714046369.1334
0.3045 0.02 790.6118333333335 690568.3980333335 652200381900.0494
0.314 0.02 751.2247 627588.4306666666 552069452255.0359
0.3235 0.02 710.7697166666667 566066.9877166667 461874280786.2187
0.3330000000000001 0.02 677.9222400000002 517780.31116 394761831385.89343
0.3425 0.02 647.1252333333333 474535.98966666666 339382154425.26227
0.352 0.02 617.9215166666668 434402.5183166667 289053739923.68134
