0.01 0.02 1864.296592592593 3605888.6841481477 14492453165557.887
0.01475 0.02 1944.9630638297872 3887711.4127234044 16390806919169.807
0.0195 0.02 2012.819977777778 4132871.3090444445 18121236013728.777
0.02425 0.02 2064.3416595744684 4322064.637531916 19492855154232.684
0.028 0.02 2096.7871721854303 4444440.483662251 20414031721871.074
0.029 0.02 2102.3038484848485 4465522.453 20575462188737.67
0.032 0.02 2121.3753774834436 4537058.453735099 21107736961273.375
0.03375 0.02 2127.9487391304347 4562379.492869565 21305128970513.027
0.0385 0.02 2145.5497777777778 4629129.0646222215 21806189175076.27
0.043250000000000004 0.02 2156.584565217391 4669452.478913043 22086199080316.023
0.048 0.02 2159.3141886792455 4678332.132339622 22126230938569.05
0.052750000000000005 0.02 2160.445217391304 4680489.873304348 22106064052391.37
0.057499999999999996 0.02 2158.896545454545 4671691.5319090905 21994746394196.01
0.067 0.02 2147.567605263158 4620522.358289475 21483026442999.234
0.0765 0.02 2133.6216590909094 4559379.722613637 20899597933899.918
0.086 0.02 2114.1288269230768 4477084.756057692 20159296423227.97
0.0955 0.02 2093.90875 4391062.691113636 19383824603243.51
0.10500000000000001 0.02 2070.402948717949 4293772.216743589 18545404604429.08
0.1145 0.02 2046.5963636363633 4195893.213954546 17714534969397.28
0.12399999999999999 0.02 2020.496882352941 4090768.1393137258 16853636651685.447
0.13349999999999998 0.02 1990.9857674418608 3973710.5690697674 15922853797562.537
0.14300000000000002 0.02 1958.9368108108104 3849170.1776216216 14969652024615.426
0.1525 0.02 1925.3854651162792 3721345.735744186 14026255836957.0
0.162 0.02 1887.3304117647058 3579369.2667647065 13017612882670.574
0.17149999999999999 0.02 1846.274069767442 3431352.702255814 12026134156272.498
0.18100000000000002 0.02 1802.160945945946 3274488.611270271 11005534849114.305
0.19049999999999997 0.02 1747.8505714285714 3090429.574285714 9900032092711.13
0.2 0.02 1694.5529999999999 2914613.749440001 8895941619518.234
0.2095 0.02 1634.1619756097562 2722869.115634147 7867731878144.465
0.21900000000000003 0.02 1565.1248648648645 2513979.954108108 6836988430865.202
0.22849999999999998 0.02 1495.0162380952381 2308824.120666667 5881373939700.398
0.238 0.02 1418.8491399999998 2097807.82594 4984799906044.579
0.24749999999999997 0.02 1346.3830952380952 1904804.8643809524 4213299099313.8086
0.25700000000000006 0.02 1265.7674166666666 1699840.0043055553 3458654116290.958
0.2665 0.02 1194.6676190476192 1528857.1430000004 2884634233433.663
0.276 0.02 1122.6450612244898 1364708.438244898 2379468287353.53
0.28550000000000003 0.02 1057.3759523809524 1221571.4385238094 1964516449722.17
0.29500000000000004 0.02 994.1231714285715 1088222.490542857 1602368358060.8694
0.3045 0.02 935.4804285714287 972614.98 1323755283180.0127
0.314 0.02 885.7098571428573 878138.2205918367 1106856661135.9478
0.3235 0.02 833.8856904761905 783501.2815476191 906168159247.5542
0.3330000000000001 0.02 788.9933235294119 706175.462617647 754116209760.6178
0.3425 0.02 747.0872439024391 635821.2365121952 623956742058.73
0.352 0.02 710.1958571428571 578074.0517755102 529833758504.7363
