0.01 0.02 3728.050280448718 14685674.524158655 253472252890101.97
0.01475 0.02 4015.357679738562 16757079.793137254 314665693381922.3
0.0195 0.02 4260.440277777778 18646603.313480392 376369690923896.1
0.02425 0.02 4480.916299019607 20403210.157148696 436773758299426.06
0.028 0.02 4606.837086977649 21448173.73392857 475056688041784.0
0.029 0.02 4640.289338235294 21727733.348978758 485399626290388.1
0.032 0.02 4707.8320075757565 22307420.656033553 507785491694225.3
0.03375 0.02 4735.441789215687 22551003.39816176 517615944711541.3
0.0385 0.02 4795.294999999999 23068203.536166668 537722025433682.8
0.043250000000000004 0.02 4832.213325082508 23396494.64162541 551064953141861.3
0.048 0.02 4847.06125 23525834.001083333 556070060764740.75
0.052750000000000005 0.02 4850.135107260726 23545902.426361386 556303974995393.44
0.057499999999999996 0.02 4847.201041666666 23514772.12795833 554587860276044.7
0.067 0.02 4823.545412457913 23279485.832617845 543070088198561.06
0.0765 0.02 4790.022333333332 22955320.26975 527919977242579.56
0.086 0.02 4750.024166666667 22572674.47408333 510400225498384.56
0.0955 0.02 4704.42276936027 22141646.21763468 491113913942986.25
0.10500000000000001 0.02 4654.708205782314 21676353.96177721 470715048893552.94
0.1145 0.02 4599.735459183674 21168351.465136055 448991861636200.7
0.12399999999999999 0.02 4539.836904761904 20622049.821513604 426227720876162.1
0.13349999999999998 0.02 4476.240646258504 20050852.57670068 403119782919082.8
0.14300000000000002 0.02 4405.712673611111 19426458.980729166 378583891853764.9
0.1525 0.02 4332.4746134020625 18791037.667310998 354529646205512.56
0.162 0.02 4250.0575954861115 18088688.397612847 328907170907290.44
0.17149999999999999 0.02 4159.9540789473685 17342764.881622806 303045169077821.8
0.18100000000000002 0.02 4055.256597222222 16496966.463368054 275072043887312.0
0.19049999999999997 0.02 3936.7732638888892 15578115.244965278 246759954123609.88
0.2 0.02 3799.8958776595746 14555343.553324468 217276996449930.94
0.2095 0.02 3633.092719298246 13372055.806315789 186118204429725.03
0.21900000000000003 0.02 3442.9771052631577 12090996.13736842 155274990132268.88
0.22849999999999998 0.02 3222.110372340426 10695328.608067375 125183150260144.61
0.238 0.02 2992.4872368421056 9335112.236271929 98789429893643.3
0.24749999999999997 0.02 2734.4218085106386 7915175.382801418 74513679321604.98
0.25700000000000006 0.02 2500.9266577060935 6715756.396281362 56084367882372.63
0.2665 0.02 2270.52876344086 5619224.892741934 41261241237405.22
0.276 0.02 2061.063306451613 4688612.388844086 30038430928794.293
0.28550000000000003 0.02 1864.6456989247313 3889498.4744623653 21746001291235.96
0.29500000000000004 0.02 1723.858740942029 3350599.742074276 16679170300649.846
0.3045 0.02 1574.7275089605735 2821127.9436379927 12294560357992.312
0.314 0.02 1449.7471774193548 2400686.8317652335 9092772521238.514
0.3235 0.02 1346.6708781362006 2086787.9989247313 7121884678943.66
0.3330000000000001 0.02 1244.8671703296704 1787074.746474359 5308769230509.635
0.3425 0.02 1163.9474014336918 1563183.947939068 4106919242198.292
0.352 0.02 1086.936865942029 1365133.9345108697 3174849606096.8467
