0.001 0.022 3066.491904761904 10267669.067142857 137718746611496.88
0.006 0.022 3349.7009523809525 12004468.662857143 177333347920646.38
0.011 0.022 3544.0280952380954 13389384.873809524 216311177506353.16
0.016 0.022 3698.6823809523803 14412688.877619047 242315109942496.88
0.021 0.022 3888.4723809523816 15742424.980952382 279353486483622.4
0.026000000000000002 0.022 4001.987142857143 16567464.652857143 303586812098038.5
0.031 0.022 4030.8571428571427 16805821.729523808 311782982867731.56
0.036000000000000004 0.022 4041.52380952381 16862622.816190474 312284907761157.06
0.041 0.022 4149.427804878049 17654076.5195122 335331178835624.9
0.046 0.022 4109.12 17310067.584761903 322643497558243.2
0.051000000000000004 0.022 4183.457619047619 17850220.93 337855586530693.2
0.056 0.022 4037.3638095238093 16726401.307619046 302353739264406.7
0.061 0.022 4006.887619047619 16521811.678095238 296520222352281.56
0.066 0.022 3991.832682926829 16321623.316585364 286315287438532.25
0.07100000000000001 0.022 3888.007619047619 15554558.244761901 263085224081141.84
0.076 0.022 3817.392857142857 15038202.24142857 247872997650269.1
0.081 0.022 3705.8476190476185 14191731.208571428 222305858248068.25
0.08600000000000001 0.022 3636.5719047619054 13716648.176666668 209427840231463.97
0.091 0.022 3538.375238095238 13027769.929523809 190958227753633.62
0.096 0.022 3369.398048780488 11914824.56292683 163731879859242.7
