0.001 0.022 1359.4189333333334 1954497.075733333 4505582568758.621
0.006 0.022 1414.7869333333335 2097293.6396 5048897152240.697
0.011 0.022 1459.166666666667 2214395.355866667 5503958981939.665
0.016 0.022 1497.6628 2318126.6668000002 5919854912011.473
0.021 0.022 1528.8656666666666 2401942.9335333332 6252200400740.669
0.026000000000000002 0.022 1538.7366000000004 2425107.7290000003 6318594667418.76
0.031 0.022 1553.9880666666663 2466390.2275333335 6478707736959.651
0.036000000000000004 0.022 1558.5886666666668 2476621.3966666665 6499299574533.512
0.041 0.022 1557.826 2472138.7986666663 6458476950213.577
0.046 0.022 1551.0510000000002 2448216.412733333 6318364367244.469
0.051000000000000004 0.022 1541.2401333333337 2416814.3030666667 6154619567867.954
0.056 0.022 1531.3186 2387092.5651333337 6010025083768.335
0.061 0.022 1511.307733333333 2327212.8233333332 5729679244899.536
0.066 0.022 1495.4292666666668 2280533.5463333335 5515513689509.588
0.07100000000000001 0.022 1476.0687999999998 2225023.4950666665 5271503686182.615
0.076 0.022 1454.1262 2162075.1610000003 4997296099339.506
0.081 0.022 1427.0974666666668 2088666.87 4702863141743.943
0.08600000000000001 0.022 1402.0283333333334 2020897.103 4435317869940.891
0.091 0.022 1375.4942 1949134.5895333334 4152259712697.016
0.096 0.022 1345.2058000000002 1871673.2836666668 3871716341420.4785
