0.001 0.018 3405.116314779271 12508123.444683302 195964692046841.9
0.006 0.018 3787.9213243761997 15156713.94397313 269886274734266.38
0.011 0.018 4105.468208092486 17511492.29098266 343034202448289.1
0.016 0.018 4373.3670441458735 19637040.502706338 416365246133189.1
0.021 0.018 4575.621833976834 21287754.617586873 475983490197263.4
0.026000000000000002 0.018 4706.659555984556 22394526.691679534 518062570968145.44
0.031 0.018 4793.857101167316 23151962.99262645 547924660764458.2
0.036000000000000004 0.018 4831.457480620155 23467638.317364346 559567281941008.5
0.041 0.018 4850.212441860465 23619096.848139536 564623332002579.2
0.046 0.018 4848.875744680852 23585861.095009673 561649798371757.25
0.051000000000000004 0.018 4830.817786407768 23406740.37021359 552939158161070.9
0.056 0.018 4816.321572815534 23249677.99788349 544402902358415.6
0.061 0.018 4786.22674509804 22961078.880156863 530977296827963.25
0.066 0.018 4745.37990234375 22576250.546777345 513718036979250.25
0.07100000000000001 0.018 4714.567621832359 22276650.242358673 499750676868904.0
0.076 0.018 4666.608349514564 21834572.27549515 480656064575701.1
0.08 0.018 4631.416039719626 21514447.181927573 467128512699796.0
0.081 0.018 4621.0772602739735 21418568.2474364 463002484491909.8
0.08600000000000001 0.018 4569.391316831683 20948048.28391089 443299467724038.9
0.091 0.018 4509.326129666012 20417259.17976424 422095323782074.0
0.09200000000000001 0.018 4497.40954117647 20318487.89537647 418486193290100.3
0.096 0.018 4442.626164383562 19836025.60365949 399484318771977.1
0.09800000000000002 0.018 4417.992443919717 19622647.573789846 391282582539232.75
0.10400000000000002 0.018 4331.196745005876 18883056.402479433 363743045575594.3
0.11000000000000003 0.018 4221.168000000001 17981957.146541175 332273670568129.5
0.11600000000000003 0.018 4102.055610328639 17028274.464201875 300435233927293.3
0.12200000000000004 0.018 3949.103333333333 15868758.45381626 265058237489981.2
0.12800000000000006 0.018 3807.649209905661 14825641.310790094 234702829236188.0
0.13400000000000006 0.018 3631.541883886255 13570621.552665878 200374477006522.53
0.14000000000000007 0.018 3453.913789846517 12367379.490460448 170184804492400.88
0.14600000000000007 0.018 3260.2075736160186 11122164.330188459 141569486166922.38
0.15200000000000008 0.018 3049.807444051826 9841274.185300354 114687504623072.08
0.15800000000000008 0.018 2869.010433212996 8791690.87570397 94290546319483.4
0.1640000000000001 0.018 2681.2496458087367 7758557.90527745 75915747971587.66
0.1700000000000001 0.018 2491.4218676122928 6771653.899598109 60030684438544.63
0.1760000000000001 0.018 2341.2049526066353 6025935.409218009 48825142275238.24
0.1820000000000001 0.018 2182.625289940828 5283090.567869823 38798468867296.0
0.1880000000000001 0.018 2036.3034482758621 4639696.474482759 30945329027866.21
0.19400000000000012 0.018 1907.9818333333335 4103626.982309523 24937768913715.88
