0.001 0.018 1763.9236273885354 3277615.366410828 12516827090003.293
0.006 0.018 1885.0301910828025 3688973.026095541 15192670367438.26
0.011 0.018 1984.149101910828 4042804.877923567 17674382130340.68
0.016 0.018 2058.497864516129 4317026.649896774 19690798722649.777
0.021 0.018 2111.7107467948717 4516970.832913461 21199278457829.074
0.026000000000000002 0.018 2144.29030625 4641111.34143125 22153810363015.29
0.031 0.018 2161.697806451613 4705748.158690322 22621140637365.81
0.036000000000000004 0.018 2169.0175451612904 4731500.576332258 22781735598739.81
0.041 0.018 2170.376319354839 4732643.647590322 22724673264922.08
0.046 0.018 2165.6811185897436 4709266.059772436 22460404664651.76
0.051000000000000004 0.018 2157.1264025974024 4671245.422012988 22085731728045.27
0.056 0.018 2145.8318701298704 4621389.964727273 21603102347229.348
0.061 0.018 2133.2443506493505 4567043.220714285 21093708268197.324
0.066 0.018 2116.8414281045752 4498245.7558594765 20478789697606.88
0.07100000000000001 0.018 2099.910638709677 4427042.0675419355 19842791704949.086
0.076 0.018 2080.288977272727 4346352.640698052 19147691706964.26
0.08 0.018 2063.839601604278 4278934.956018717 18573232071100.87
0.081 0.018 2058.8154248366013 4259073.204045752 18413048992124.414
0.08600000000000001 0.018 2036.8167131578946 4170415.778523684 17679011200520.273
0.091 0.018 2013.092839869281 4077035.8896830063 16934855891602.176
0.09200000000000001 0.018 2008.6238722826085 4058969.3264429355 16786299219030.037
0.096 0.018 1985.607248366013 3969937.763137255 16099931751851.805
0.09800000000000002 0.018 1974.499975409836 3926922.098013661 15769326831718.926
0.10400000000000002 0.018 1938.073625 3790407.893461957 14771242998079.053
0.11000000000000003 0.018 1898.6995851063828 3644881.287420213 13736172613398.17
0.11600000000000003 0.018 1855.4374619565217 3489555.7528641303 12685612484058.04
0.12200000000000004 0.018 1810.6691775956285 3331952.2390792347 11656473376114.303
0.12800000000000006 0.018 1759.9400163043476 3159645.6141032605 10597850320259.367
0.13400000000000006 0.018 1705.9807065217392 2982222.550505434 9566062157183.355
0.14000000000000007 0.018 1646.1391346153844 2791428.246925824 8515582421903.6875
0.14600000000000007 0.018 1588.6285053763443 2614435.3331827954 7595314152523.65
0.15200000000000008 0.018 1524.8348629032255 2424881.8715564515 6665056143729.77
0.15800000000000008 0.018 1463.800684065934 2249696.40525 5854904318545.423
0.1640000000000001 0.018 1404.925030054645 2085550.0522978145 5131383689690.481
0.1700000000000001 0.018 1338.7928430851066 1909109.220194149 4411443922549.148
0.1760000000000001 0.018 1278.8480192307693 1755526.3737774726 3821648500599.259
0.1820000000000001 0.018 1223.5156530054644 1617995.4874945355 3320034964418.8936
0.1880000000000001 0.018 1168.3654148351648 1485714.0161565936 2865987056937.703
0.19400000000000012 0.018 1116.2278279569894 1365225.0017096775 2475328080789.6133
