0.0275 0.0135 1857.9913124999998 3454503.4426562507 11962783088229.107
0.0275 0.0145 1837.3150545454544 3379561.529963637 11466014496069.832
0.0275 0.0155 1814.5429275362317 3298475.2225507246 10945106977318.58
0.0275 0.0165 1787.682859649123 3205416.5303333336 10373692960266.232
0.0275 0.0175 1757.7274915254236 3103618.585220339 9769767033402.234
0.0275 0.0185 1723.9516140350884 2991673.793543859 9135246205043.445
0.0275 0.0195 1684.1313943661971 2864467.1755352113 8455182230773.134
0.0275 0.0205 1646.705844827586 2746404.4233965515 7839574944178.088
0.0275 0.0215 1603.4435781249997 2615590.491609375 7202335306297.25
0.0275 0.0225 1559.6360526315787 2486317.107947368 6595778796208.918
0.0275 0.0235 1517.4374423076924 2364455.0275192307 6046497041956.235
0.0275 0.0245 1474.5715409836066 2243738.908327869 5523139762800.621
0.0275 0.0255 1433.8892264150938 2132255.193867924 5063051047551.857
0.0275 0.0265 1395.1055714285715 2029025.6043571427 4655305822100.313
0.0275 0.0275 1358.6972686567162 1933682.830850746 4287817445995.909
