0.0275 0.0135 2351.9012448979593 5534049.5663061235 30678962898788.395
0.0275 0.0145 2326.6512916666666 5417656.092833335 29434126473487.344
0.0275 0.0155 2295.800862745098 5278050.297568628 27989295576725.37
0.0275 0.0165 2261.335830188679 5125323.585981132 26466798624188.344
0.0275 0.0175 2221.4823829787238 4954092.48880851 24845919887205.137
0.0275 0.0185 2174.30775 4756789.48425 23064323420135.66
0.0275 0.0195 2121.6865116279064 4544135.726093023 21249865959537.41
0.0275 0.0205 2060.481307692308 4304227.929871795 19306870285155.336
0.0275 0.0215 2003.9028999999998 4088587.03726 17641100669919.008
0.0275 0.0225 1934.7034871794874 3834546.741179487 15794474399728.957
0.0275 0.0235 1873.9223636363638 3617675.1325454544 14291863521841.613
0.0275 0.0245 1820.398875 3429730.6673250003 13021551192186.705
0.0275 0.0255 1762.9305 3235318.4988181824 11784495150656.033
0.0275 0.0265 1705.6503846153844 3047356.614846153 10652440378042.373
0.0275 0.0275 1657.3100425531916 2892611.0068085114 9752679874512.727
