1.416347782545454614e+07
2.809050178909090906e+07
2.794857105818181857e+07
2.780326346545454487e+07
2.765637436363636330e+07
2.750910717090909183e+07
2.736235274181818217e+07
2.721634120727272704e+07
2.707166014181818068e+07
2.692861253818181902e+07
2.678776472727272660e+07
2.664929323636363819e+07
2.651401653818181902e+07
2.638203164727272838e+07
2.625331028363636509e+07
2.612884534545454383e+07
2.600886465454545617e+07
2.589380203636363521e+07
2.578387698909090832e+07
2.567971069818181917e+07
2.558130976000000164e+07
2.548964258909090981e+07
2.540448029818181694e+07
2.532654575272727385e+07
2.525604886181818321e+07
2.519315244727272913e+07
2.513792711636363715e+07
2.509064736363636330e+07
2.505171033090909198e+07
2.502125444727272913e+07
2.499935521818181872e+07
2.498607931272727251e+07
1.249086804363636300e+07
0.000000000000000000e+00
0.000000000000000000e+00
0.000000000000000000e+00
0.000000000000000000e+00
0.000000000000000000e+00
0.000000000000000000e+00
0.000000000000000000e+00
0.000000000000000000e+00
0.000000000000000000e+00
0.000000000000000000e+00
0.000000000000000000e+00
0.000000000000000000e+00
0.000000000000000000e+00
0.000000000000000000e+00
0.000000000000000000e+00
0.000000000000000000e+00
0.000000000000000000e+00
0.000000000000000000e+00
0.000000000000000000e+00
0.000000000000000000e+00
0.000000000000000000e+00
0.000000000000000000e+00
0.000000000000000000e+00
0.000000000000000000e+00
0.000000000000000000e+00
0.000000000000000000e+00
0.000000000000000000e+00
0.000000000000000000e+00
0.000000000000000000e+00
0.000000000000000000e+00
0.000000000000000000e+00
11x50 ensembles written - L=64,p=0.0275,omega=0.0185