1.428488737090909109e+07
2.834046642909090966e+07
2.819991614181818068e+07
2.805282647636363655e+07
2.790072045818181708e+07
2.774502469818181917e+07
2.758662177454545349e+07
2.742628797454545274e+07
2.726470550545454398e+07
2.710305370909091085e+07
2.694139395636363700e+07
2.678059603999999911e+07
2.662127250909090787e+07
2.646422126181818172e+07
2.630971563272727281e+07
2.615915949090909213e+07
2.601232952727272734e+07
2.587074790181818232e+07
2.573424835999999940e+07
2.560396173454545438e+07
2.548083392727272585e+07
2.536483278181818128e+07
2.525695374181818217e+07
2.515746442909090966e+07
2.506692370545454696e+07
2.498594396363636479e+07
2.491470622909091040e+07
2.485381732000000030e+07
2.480333918909090757e+07
2.476389194909090921e+07
2.473537435272727162e+07
2.471820875636363775e+07
1.235635270181818120e+07
0.000000000000000000e+00
0.000000000000000000e+00
0.000000000000000000e+00
0.000000000000000000e+00
0.000000000000000000e+00
0.000000000000000000e+00
0.000000000000000000e+00
0.000000000000000000e+00
0.000000000000000000e+00
0.000000000000000000e+00
0.000000000000000000e+00
0.000000000000000000e+00
0.000000000000000000e+00
0.000000000000000000e+00
0.000000000000000000e+00
0.000000000000000000e+00
0.000000000000000000e+00
0.000000000000000000e+00
0.000000000000000000e+00
0.000000000000000000e+00
0.000000000000000000e+00
0.000000000000000000e+00
0.000000000000000000e+00
0.000000000000000000e+00
0.000000000000000000e+00
0.000000000000000000e+00
0.000000000000000000e+00
0.000000000000000000e+00
0.000000000000000000e+00
0.000000000000000000e+00
0.000000000000000000e+00
11x50 ensembles written - L=64,p=0.0275,omega=0.0175