1.376616903666666709e+07
2.725707748999999836e+07
2.710595320666666701e+07
2.696629167000000179e+07
2.683923921666666493e+07
2.672454262333333492e+07
2.662142294666666538e+07
2.652880389333333448e+07
2.644576930666666850e+07
2.637160803666666523e+07
2.630519055999999866e+07
2.624567990666666627e+07
2.619234164999999851e+07
2.614471614666666836e+07
2.610192173000000045e+07
2.606381268333333358e+07
2.602960139333333448e+07
2.599898462666666508e+07
2.597213866666666791e+07
2.594814179666666687e+07
2.592700487666666508e+07
2.590828182999999821e+07
2.589176291000000015e+07
2.587760355000000075e+07
2.586557110999999940e+07
2.585506244999999925e+07
2.584596200000000000e+07
2.583848638333333284e+07
2.583271614666666836e+07
2.582836425666666776e+07
2.582543510333333164e+07
2.582361069999999925e+07
1.291153209666666575e+07
0.000000000000000000e+00
0.000000000000000000e+00
0.000000000000000000e+00
0.000000000000000000e+00
0.000000000000000000e+00
0.000000000000000000e+00
0.000000000000000000e+00
0.000000000000000000e+00
0.000000000000000000e+00
0.000000000000000000e+00
0.000000000000000000e+00
0.000000000000000000e+00
0.000000000000000000e+00
0.000000000000000000e+00
0.000000000000000000e+00
0.000000000000000000e+00
0.000000000000000000e+00
0.000000000000000000e+00
0.000000000000000000e+00
0.000000000000000000e+00
0.000000000000000000e+00
0.000000000000000000e+00
0.000000000000000000e+00
0.000000000000000000e+00
0.000000000000000000e+00
0.000000000000000000e+00
0.000000000000000000e+00
0.000000000000000000e+00
0.000000000000000000e+00
0.000000000000000000e+00
0.000000000000000000e+00
12x50 ensembles written - L=64,p=0.0275,omega=0.0255