1.481890612615384534e+07
2.943886168615384772e+07
2.930374414461538568e+07
2.914818423076923192e+07
2.897379543384615332e+07
2.878223501538461447e+07
2.857551321538461372e+07
2.835514841846153885e+07
2.812271519384615496e+07
2.788023338769230619e+07
2.762912820615384728e+07
2.737095308307692409e+07
2.710778699384615570e+07
2.684129419999999925e+07
2.657329784307692200e+07
2.630581087384615466e+07
2.604094950153846294e+07
2.578022366153846309e+07
2.552567839384615421e+07
2.527898865230769292e+07
2.504197557538461685e+07
2.481678312615384534e+07
2.460478353230769187e+07
2.440762782769230753e+07
2.422681983076922968e+07
2.406356131076923013e+07
2.391943356923076883e+07
2.379548447076923028e+07
2.369294656307692453e+07
2.361193048615384474e+07
2.355371723384615406e+07
2.351874295076923072e+07
1.175354526153846085e+07
0.000000000000000000e+00
0.000000000000000000e+00
0.000000000000000000e+00
0.000000000000000000e+00
0.000000000000000000e+00
0.000000000000000000e+00
0.000000000000000000e+00
0.000000000000000000e+00
0.000000000000000000e+00
0.000000000000000000e+00
0.000000000000000000e+00
0.000000000000000000e+00
0.000000000000000000e+00
0.000000000000000000e+00
0.000000000000000000e+00
0.000000000000000000e+00
0.000000000000000000e+00
0.000000000000000000e+00
0.000000000000000000e+00
0.000000000000000000e+00
0.000000000000000000e+00
0.000000000000000000e+00
0.000000000000000000e+00
0.000000000000000000e+00
0.000000000000000000e+00
0.000000000000000000e+00
0.000000000000000000e+00
0.000000000000000000e+00
0.000000000000000000e+00
0.000000000000000000e+00
0.000000000000000000e+00
13x50 ensembles written - L=64,p=0.0275,omega=0.0135