2.002028415636363626e+07
3.973542142181818187e+07
3.955611881454545259e+07
3.937606438545454293e+07
3.919660836363636702e+07
3.901900380363636464e+07
3.884437520000000298e+07
3.867282612363636494e+07
3.850420398909091204e+07
3.833927109818182141e+07
3.817792665090908855e+07
3.802017650545454770e+07
3.786657821818181872e+07
3.771691588000000268e+07
3.757161210545454174e+07
3.743051101818181574e+07
3.729414315272727609e+07
3.716254639272727072e+07
3.703611201818181574e+07
3.691496713818182051e+07
3.679947558909090608e+07
3.668964181090909243e+07
3.658588684727272391e+07
3.648818688363636285e+07
3.639716292000000179e+07
3.631267496727272868e+07
3.623484828727272898e+07
3.616418897818181664e+07
3.610013843999999762e+07
3.604367135636363924e+07
3.599446032363636047e+07
3.595277063272727281e+07
3.591868905818181485e+07
3.589186988727273047e+07
3.587295053090909123e+07
3.586168837454545498e+07
1.792882867636363581e+07
0.000000000000000000e+00
0.000000000000000000e+00
0.000000000000000000e+00
0.000000000000000000e+00
0.000000000000000000e+00
0.000000000000000000e+00
0.000000000000000000e+00
0.000000000000000000e+00
0.000000000000000000e+00
0.000000000000000000e+00
0.000000000000000000e+00
0.000000000000000000e+00
0.000000000000000000e+00
0.000000000000000000e+00
0.000000000000000000e+00
0.000000000000000000e+00
0.000000000000000000e+00
0.000000000000000000e+00
0.000000000000000000e+00
0.000000000000000000e+00
0.000000000000000000e+00
0.000000000000000000e+00
0.000000000000000000e+00
0.000000000000000000e+00
0.000000000000000000e+00
0.000000000000000000e+00
0.000000000000000000e+00
0.000000000000000000e+00
0.000000000000000000e+00
0.000000000000000000e+00
0.000000000000000000e+00
0.000000000000000000e+00
0.000000000000000000e+00
0.000000000000000000e+00
0.000000000000000000e+00
11x50 ensembles written - L=72,p=0.0275,omega=0.0195