1.409756067272727191e+07
2.795163337090909109e+07
2.780761747272727266e+07
2.766218981818181649e+07
2.751729976363636181e+07
2.737434266545454413e+07
2.723347291272727400e+07
2.709506446181818098e+07
2.695946976000000164e+07
2.682700545090908930e+07
2.669783564727272838e+07
2.657223167999999970e+07
2.645059761090908945e+07
2.633268434545454383e+07
2.621902094181818143e+07
2.610982525818181783e+07
2.600547485090909153e+07
2.590607769818181917e+07
2.581171829818181694e+07
2.572246405090909079e+07
2.563904601090909168e+07
2.556142693818181753e+07
2.548961900727272779e+07
2.542412913454545289e+07
2.536516141090909019e+07
2.531248431636363640e+07
2.526640897818181664e+07
2.522698857818181813e+07
2.519432303636363521e+07
2.516893471999999881e+07
2.515081505454545468e+07
2.513977886909090728e+07
1.256809721454545483e+07
0.000000000000000000e+00
0.000000000000000000e+00
0.000000000000000000e+00
0.000000000000000000e+00
0.000000000000000000e+00
0.000000000000000000e+00
0.000000000000000000e+00
0.000000000000000000e+00
0.000000000000000000e+00
0.000000000000000000e+00
0.000000000000000000e+00
0.000000000000000000e+00
0.000000000000000000e+00
0.000000000000000000e+00
0.000000000000000000e+00
0.000000000000000000e+00
0.000000000000000000e+00
0.000000000000000000e+00
0.000000000000000000e+00
0.000000000000000000e+00
0.000000000000000000e+00
0.000000000000000000e+00
0.000000000000000000e+00
0.000000000000000000e+00
0.000000000000000000e+00
0.000000000000000000e+00
0.000000000000000000e+00
0.000000000000000000e+00
0.000000000000000000e+00
0.000000000000000000e+00
0.000000000000000000e+00
11x50 ensembles written - L=64,p=0.0275,omega=0.0195