1.948195118909090757e+07
3.861125432727272809e+07
3.841966854181817919e+07
3.824487025454545766e+07
3.808804214909090847e+07
3.794808181818182021e+07
3.782394247999999672e+07
3.771450075999999791e+07
3.761781958545454592e+07
3.753248799636363983e+07
3.745670750181818008e+07
3.738925163272727281e+07
3.733010673454545438e+07
3.727751619636363536e+07
3.723104514909090847e+07
3.718979882181818038e+07
3.715384517454545200e+07
3.712227138545454293e+07
3.709445424727272987e+07
3.706990882181818038e+07
3.704839046545454860e+07
3.702912434181818366e+07
3.701234029090908915e+07
3.699736761818181723e+07
3.698457033090908825e+07
3.697352595636363328e+07
3.696374859636363387e+07
3.695536007999999821e+07
3.694851847272727638e+07
3.694227990909090638e+07
3.693720749090909213e+07
3.693297568363636732e+07
3.692973715272727609e+07
3.692760784000000358e+07
3.692589657454545796e+07
3.692462391272727400e+07
1.846200051636363566e+07
0.000000000000000000e+00
0.000000000000000000e+00
0.000000000000000000e+00
0.000000000000000000e+00
0.000000000000000000e+00
0.000000000000000000e+00
0.000000000000000000e+00
0.000000000000000000e+00
0.000000000000000000e+00
0.000000000000000000e+00
0.000000000000000000e+00
0.000000000000000000e+00
0.000000000000000000e+00
0.000000000000000000e+00
0.000000000000000000e+00
0.000000000000000000e+00
0.000000000000000000e+00
0.000000000000000000e+00
0.000000000000000000e+00
0.000000000000000000e+00
0.000000000000000000e+00
0.000000000000000000e+00
0.000000000000000000e+00
0.000000000000000000e+00
0.000000000000000000e+00
0.000000000000000000e+00
0.000000000000000000e+00
0.000000000000000000e+00
0.000000000000000000e+00
0.000000000000000000e+00
0.000000000000000000e+00
0.000000000000000000e+00
0.000000000000000000e+00
0.000000000000000000e+00
0.000000000000000000e+00
11x50 ensembles written - L=72,p=0.0275,omega=0.0265