1.394882921454545483e+07
2.764168002181818336e+07
2.749441793818181753e+07
2.735086584363636374e+07
2.721232611636363715e+07
2.707999442545454577e+07
2.695363333818181977e+07
2.683370263272727281e+07
2.671983550545454398e+07
2.661173932727272809e+07
2.650932295636363700e+07
2.641277337818181887e+07
2.632135740727272630e+07
2.623498822181818262e+07
2.615382882909090817e+07
2.607746334545454383e+07
2.600561306909091026e+07
2.593880674545454606e+07
2.587671147636363655e+07
2.581914395636363700e+07
2.576615074181818217e+07
2.571758188727272674e+07
2.567316312727272883e+07
2.563312435636363551e+07
2.559758750181818008e+07
2.556613729818181694e+07
2.553918572363636270e+07
2.551652584363636374e+07
2.549780934545454383e+07
2.548356164363636449e+07
2.547345027636363730e+07
2.546697472727272660e+07
1.273251377818181738e+07
0.000000000000000000e+00
0.000000000000000000e+00
0.000000000000000000e+00
0.000000000000000000e+00
0.000000000000000000e+00
0.000000000000000000e+00
0.000000000000000000e+00
0.000000000000000000e+00
0.000000000000000000e+00
0.000000000000000000e+00
0.000000000000000000e+00
0.000000000000000000e+00
0.000000000000000000e+00
0.000000000000000000e+00
0.000000000000000000e+00
0.000000000000000000e+00
0.000000000000000000e+00
0.000000000000000000e+00
0.000000000000000000e+00
0.000000000000000000e+00
0.000000000000000000e+00
0.000000000000000000e+00
0.000000000000000000e+00
0.000000000000000000e+00
0.000000000000000000e+00
0.000000000000000000e+00
0.000000000000000000e+00
0.000000000000000000e+00
0.000000000000000000e+00
0.000000000000000000e+00
0.000000000000000000e+00
11x50 ensembles written - L=64,p=0.0275,omega=0.0215