1.451925288000000082e+07
2.882450369666666538e+07
2.868745926666666567e+07
2.853737961333333328e+07
2.837589243333333358e+07
2.820465053333333507e+07
2.802494226666666567e+07
2.783806617000000179e+07
2.764503944333333150e+07
2.744719304666666687e+07
2.724556929666666687e+07
2.704141263666666672e+07
2.683572696333333477e+07
2.663010142999999970e+07
2.642518190666666627e+07
2.622252373000000045e+07
2.602330264333333448e+07
2.582897182999999821e+07
2.564071187333333492e+07
2.545914490333333239e+07
2.528582378333333507e+07
2.512163904666666687e+07
2.496787348666666821e+07
2.482554601666666567e+07
2.469574948333333433e+07
2.457883656666666642e+07
2.447568282666666806e+07
2.438716569999999925e+07
2.431400175666666776e+07
2.425633969333333150e+07
2.421475982333333418e+07
2.418971866666666791e+07
1.209063658666666597e+07
0.000000000000000000e+00
0.000000000000000000e+00
0.000000000000000000e+00
0.000000000000000000e+00
0.000000000000000000e+00
0.000000000000000000e+00
0.000000000000000000e+00
0.000000000000000000e+00
0.000000000000000000e+00
0.000000000000000000e+00
0.000000000000000000e+00
0.000000000000000000e+00
0.000000000000000000e+00
0.000000000000000000e+00
0.000000000000000000e+00
0.000000000000000000e+00
0.000000000000000000e+00
0.000000000000000000e+00
0.000000000000000000e+00
0.000000000000000000e+00
0.000000000000000000e+00
0.000000000000000000e+00
0.000000000000000000e+00
0.000000000000000000e+00
0.000000000000000000e+00
0.000000000000000000e+00
0.000000000000000000e+00
0.000000000000000000e+00
0.000000000000000000e+00
0.000000000000000000e+00
0.000000000000000000e+00
12x50 ensembles written - L=64,p=0.0275,omega=0.0155