2.015075564000000060e+07
4.000556122153846174e+07
3.982952655076923221e+07
3.964906811384615302e+07
3.946624857230769098e+07
3.928241434769231081e+07
3.909863577230769396e+07
3.891512489846153557e+07
3.873236326461538672e+07
3.855078829846154153e+07
3.837094272307692468e+07
3.819330427692307532e+07
3.801780222153846174e+07
3.784499844923076779e+07
3.767557039999999851e+07
3.750991317538461834e+07
3.734840967384615541e+07
3.719131971692308038e+07
3.703884423076923192e+07
3.689178246153846383e+07
3.675051302769231051e+07
3.661576367076922953e+07
3.648734251384615153e+07
3.636636998461538553e+07
3.625245030769230425e+07
3.614628600000000000e+07
3.604830602461538464e+07
3.595875583076923341e+07
3.587786105846153945e+07
3.580569660307691991e+07
3.574235927384615690e+07
3.568830796307692677e+07
3.564391132923077047e+07
3.560929619692307711e+07
3.558443835076922923e+07
3.556943272615384310e+07
1.778233512923076749e+07
0.000000000000000000e+00
0.000000000000000000e+00
0.000000000000000000e+00
0.000000000000000000e+00
0.000000000000000000e+00
0.000000000000000000e+00
0.000000000000000000e+00
0.000000000000000000e+00
0.000000000000000000e+00
0.000000000000000000e+00
0.000000000000000000e+00
0.000000000000000000e+00
0.000000000000000000e+00
0.000000000000000000e+00
0.000000000000000000e+00
0.000000000000000000e+00
0.000000000000000000e+00
0.000000000000000000e+00
0.000000000000000000e+00
0.000000000000000000e+00
0.000000000000000000e+00
0.000000000000000000e+00
0.000000000000000000e+00
0.000000000000000000e+00
0.000000000000000000e+00
0.000000000000000000e+00
0.000000000000000000e+00
0.000000000000000000e+00
0.000000000000000000e+00
0.000000000000000000e+00
0.000000000000000000e+00
0.000000000000000000e+00
0.000000000000000000e+00
0.000000000000000000e+00
0.000000000000000000e+00
13x50 ensembles written - L=72,p=0.0275,omega=0.0185