1.979508961090908945e+07
3.926832194909090549e+07
3.908368920727273077e+07
3.890385790545454621e+07
3.873084137454545498e+07
3.856566840363636613e+07
3.840829768727272749e+07
3.825856683272727579e+07
3.811625023272727430e+07
3.798100653090909123e+07
3.785247379272726923e+07
3.773018488727273047e+07
3.761432709090909362e+07
3.750427442181818187e+07
3.740034577090909332e+07
3.730211560363636166e+07
3.720952104727272689e+07
3.712223751636363566e+07
3.704006839636363834e+07
3.696272615636363626e+07
3.689046673090909421e+07
3.682293957090909034e+07
3.676014032727272809e+07
3.670217786181817949e+07
3.664866664000000060e+07
3.659931567272727191e+07
3.655427043999999762e+07
3.651369012727272511e+07
3.647771986909090728e+07
3.644603709818182141e+07
3.641899305454545468e+07
3.639600171272727102e+07
3.637742740727272630e+07
3.636276340727272630e+07
3.635283726909090579e+07
3.634698165090908855e+07
1.817250674181818217e+07
0.000000000000000000e+00
0.000000000000000000e+00
0.000000000000000000e+00
0.000000000000000000e+00
0.000000000000000000e+00
0.000000000000000000e+00
0.000000000000000000e+00
0.000000000000000000e+00
0.000000000000000000e+00
0.000000000000000000e+00
0.000000000000000000e+00
0.000000000000000000e+00
0.000000000000000000e+00
0.000000000000000000e+00
0.000000000000000000e+00
0.000000000000000000e+00
0.000000000000000000e+00
0.000000000000000000e+00
0.000000000000000000e+00
0.000000000000000000e+00
0.000000000000000000e+00
0.000000000000000000e+00
0.000000000000000000e+00
0.000000000000000000e+00
0.000000000000000000e+00
0.000000000000000000e+00
0.000000000000000000e+00
0.000000000000000000e+00
0.000000000000000000e+00
0.000000000000000000e+00
0.000000000000000000e+00
0.000000000000000000e+00
0.000000000000000000e+00
0.000000000000000000e+00
0.000000000000000000e+00
11x50 ensembles written - L=72,p=0.0275,omega=0.0215