2.049025849777777866e+07
4.070439067999999970e+07
4.053442860000000149e+07
4.035314370222222060e+07
4.016177928444444388e+07
3.996226319111111015e+07
3.975550026222222298e+07
3.954249919111111015e+07
3.932417730222222209e+07
3.910154011555555463e+07
3.887557801333333552e+07
3.864688247999999672e+07
3.841684029333333671e+07
3.818586199555555731e+07
3.795513451555555314e+07
3.772574644888889045e+07
3.749884577333333343e+07
3.727493253777778149e+07
3.705544572444444150e+07
3.684099399555555731e+07
3.663263854666666687e+07
3.643153729777777940e+07
3.623838135111111403e+07
3.605409345333333313e+07
3.587923522222222388e+07
3.571478833333333582e+07
3.556182034666666389e+07
3.542091870666666329e+07
3.529289067999999970e+07
3.517843732000000030e+07
3.507802112888889015e+07
3.499211691555555910e+07
3.492116541777777672e+07
3.486558211555555463e+07
3.482601120888888836e+07
3.480190801777777821e+07
1.739701133333333209e+07
0.000000000000000000e+00
0.000000000000000000e+00
0.000000000000000000e+00
0.000000000000000000e+00
0.000000000000000000e+00
0.000000000000000000e+00
0.000000000000000000e+00
0.000000000000000000e+00
0.000000000000000000e+00
0.000000000000000000e+00
0.000000000000000000e+00
0.000000000000000000e+00
0.000000000000000000e+00
0.000000000000000000e+00
0.000000000000000000e+00
0.000000000000000000e+00
0.000000000000000000e+00
0.000000000000000000e+00
0.000000000000000000e+00
0.000000000000000000e+00
0.000000000000000000e+00
0.000000000000000000e+00
0.000000000000000000e+00
0.000000000000000000e+00
0.000000000000000000e+00
0.000000000000000000e+00
0.000000000000000000e+00
0.000000000000000000e+00
0.000000000000000000e+00
0.000000000000000000e+00
0.000000000000000000e+00
0.000000000000000000e+00
0.000000000000000000e+00
0.000000000000000000e+00
0.000000000000000000e+00
9x50 ensembles written - L=72,p=0.0275,omega=0.0165