1.373900450000000000e+07
2.719886397599999979e+07
2.704702520800000057e+07
2.690813839600000158e+07
2.678304279600000009e+07
2.667155273200000077e+07
2.657263979199999943e+07
2.648493804399999976e+07
2.640742219999999925e+07
2.633895598400000110e+07
2.627861059600000083e+07
2.622531773999999836e+07
2.617794923200000077e+07
2.613607592399999872e+07
2.609937181599999964e+07
2.606680189999999851e+07
2.603792751999999955e+07
2.601271419200000167e+07
2.599041149599999934e+07
2.597067860000000149e+07
2.595316782400000095e+07
2.593786908399999887e+07
2.592440415599999949e+07
2.591282666000000015e+07
2.590283540799999982e+07
2.589431372399999946e+07
2.588690314400000125e+07
2.588087847199999914e+07
2.587602243600000069e+07
2.587224959600000083e+07
2.586974866000000015e+07
2.586827999199999869e+07
1.293385819999999925e+07
0.000000000000000000e+00
0.000000000000000000e+00
0.000000000000000000e+00
0.000000000000000000e+00
0.000000000000000000e+00
0.000000000000000000e+00
0.000000000000000000e+00
0.000000000000000000e+00
0.000000000000000000e+00
0.000000000000000000e+00
0.000000000000000000e+00
0.000000000000000000e+00
0.000000000000000000e+00
0.000000000000000000e+00
0.000000000000000000e+00
0.000000000000000000e+00
0.000000000000000000e+00
0.000000000000000000e+00
0.000000000000000000e+00
0.000000000000000000e+00
0.000000000000000000e+00
0.000000000000000000e+00
0.000000000000000000e+00
0.000000000000000000e+00
0.000000000000000000e+00
0.000000000000000000e+00
0.000000000000000000e+00
0.000000000000000000e+00
0.000000000000000000e+00
0.000000000000000000e+00
0.000000000000000000e+00
10x50 ensembles written - L=64,p=0.0275,omega=0.0265