1.471366579333333299e+07
2.922090330000000075e+07
2.908375196000000089e+07
2.892922896999999881e+07
2.875836239999999851e+07
2.857349719999999925e+07
2.837594958333333209e+07
2.816728238666666672e+07
2.794884867666666582e+07
2.772191635000000149e+07
2.748846992000000179e+07
2.724989194666666538e+07
2.700748567666666582e+07
2.676303717333333194e+07
2.651810101333333179e+07
2.627450125333333388e+07
2.603337935000000149e+07
2.579673569333333150e+07
2.556629521999999881e+07
2.534344662000000104e+07
2.512965610999999940e+07
2.492684141333333403e+07
2.473607712333333492e+07
2.455887814666666836e+07
2.439659359666666761e+07
2.425034903000000119e+07
2.412114260999999940e+07
2.401012460999999940e+07
2.391805062000000104e+07
2.384581330999999866e+07
2.379373773666666821e+07
2.376261776000000164e+07
1.187616744666666724e+07
0.000000000000000000e+00
0.000000000000000000e+00
0.000000000000000000e+00
0.000000000000000000e+00
0.000000000000000000e+00
0.000000000000000000e+00
0.000000000000000000e+00
0.000000000000000000e+00
0.000000000000000000e+00
0.000000000000000000e+00
0.000000000000000000e+00
0.000000000000000000e+00
0.000000000000000000e+00
0.000000000000000000e+00
0.000000000000000000e+00
0.000000000000000000e+00
0.000000000000000000e+00
0.000000000000000000e+00
0.000000000000000000e+00
0.000000000000000000e+00
0.000000000000000000e+00
0.000000000000000000e+00
0.000000000000000000e+00
0.000000000000000000e+00
0.000000000000000000e+00
0.000000000000000000e+00
0.000000000000000000e+00
0.000000000000000000e+00
0.000000000000000000e+00
0.000000000000000000e+00
0.000000000000000000e+00
12x50 ensembles written - L=64,p=0.0275,omega=0.0145