1.401417840285714343e+07
2.777854855714285746e+07
2.763289401999999955e+07
2.748860926285714284e+07
2.734725718857142702e+07
2.721017090857142955e+07
2.707737339428571612e+07
2.694919019999999925e+07
2.682575017142857239e+07
2.670699652857142687e+07
2.659289602857142687e+07
2.648343676285714284e+07
2.637838732857142761e+07
2.627811098000000045e+07
2.618238996571428701e+07
2.609140356571428478e+07
2.600530276857142895e+07
2.592386083999999985e+07
2.584768380857142806e+07
2.577617237142857164e+07
2.570966289428571612e+07
2.564823540285714343e+07
2.559195733714285865e+07
2.554042352857142687e+07
2.549437972285714373e+07
2.545354712285714224e+07
2.541835273142857105e+07
2.538868452857142687e+07
2.536435983428571373e+07
2.534519645142856985e+07
2.533161989714285731e+07
2.532332944000000134e+07
1.266043805428571440e+07
0.000000000000000000e+00
0.000000000000000000e+00
0.000000000000000000e+00
0.000000000000000000e+00
0.000000000000000000e+00
0.000000000000000000e+00
0.000000000000000000e+00
0.000000000000000000e+00
0.000000000000000000e+00
0.000000000000000000e+00
0.000000000000000000e+00
0.000000000000000000e+00
0.000000000000000000e+00
0.000000000000000000e+00
0.000000000000000000e+00
0.000000000000000000e+00
0.000000000000000000e+00
0.000000000000000000e+00
0.000000000000000000e+00
0.000000000000000000e+00
0.000000000000000000e+00
0.000000000000000000e+00
0.000000000000000000e+00
0.000000000000000000e+00
0.000000000000000000e+00
0.000000000000000000e+00
0.000000000000000000e+00
0.000000000000000000e+00
0.000000000000000000e+00
0.000000000000000000e+00
0.000000000000000000e+00
14x50 ensembles written - L=64,p=0.0275,omega=0.0205