1.988144618181818351e+07
3.944872870545454323e+07
3.926659787636363506e+07
3.908673261818181723e+07
3.891090606909091026e+07
3.874069738909091055e+07
3.857620178909090906e+07
3.841731934545454383e+07
3.826426317454545200e+07
3.811682096363636106e+07
3.797494158181817830e+07
3.783838321454545110e+07
3.770752418181817979e+07
3.758230025090909004e+07
3.746258788000000268e+07
3.734747829818181694e+07
3.723765942909090966e+07
3.713314733454545587e+07
3.703443244363636523e+07
3.694101412363636494e+07
3.685251256363636255e+07
3.676919611636363715e+07
3.669125394181818515e+07
3.661895880363636464e+07
3.655151607272727042e+07
3.648947668727272749e+07
3.643252267636363953e+07
3.638116735636363924e+07
3.633526553818181902e+07
3.629511426909090579e+07
3.626012922181817889e+07
3.623054481818182021e+07
3.620632498909091204e+07
3.618761100000000000e+07
3.617405009454545379e+07
3.616613361090908945e+07
1.808183938909091055e+07
0.000000000000000000e+00
0.000000000000000000e+00
0.000000000000000000e+00
0.000000000000000000e+00
0.000000000000000000e+00
0.000000000000000000e+00
0.000000000000000000e+00
0.000000000000000000e+00
0.000000000000000000e+00
0.000000000000000000e+00
0.000000000000000000e+00
0.000000000000000000e+00
0.000000000000000000e+00
0.000000000000000000e+00
0.000000000000000000e+00
0.000000000000000000e+00
0.000000000000000000e+00
0.000000000000000000e+00
0.000000000000000000e+00
0.000000000000000000e+00
0.000000000000000000e+00
0.000000000000000000e+00
0.000000000000000000e+00
0.000000000000000000e+00
0.000000000000000000e+00
0.000000000000000000e+00
0.000000000000000000e+00
0.000000000000000000e+00
0.000000000000000000e+00
0.000000000000000000e+00
0.000000000000000000e+00
0.000000000000000000e+00
0.000000000000000000e+00
0.000000000000000000e+00
0.000000000000000000e+00
11x50 ensembles written - L=72,p=0.0275,omega=0.0205