1.380303105199999921e+07
2.733492783199999854e+07
2.718443333999999985e+07
2.704363132400000095e+07
2.691365544399999827e+07
2.679487798800000176e+07
2.668650433599999920e+07
2.658804456799999997e+07
2.649836421599999815e+07
2.641692033199999854e+07
2.634305066000000015e+07
2.627587752800000086e+07
2.621472223600000143e+07
2.615952332800000161e+07
2.610926549599999934e+07
2.606403035200000182e+07
2.602276688800000027e+07
2.598541364400000125e+07
2.595189641600000113e+07
2.592205052800000086e+07
2.589488882000000030e+07
2.587073887200000137e+07
2.584967219599999860e+07
2.583064971599999815e+07
2.581408801999999955e+07
2.579954734800000116e+07
2.578712910799999908e+07
2.577729904399999976e+07
2.576903632000000030e+07
2.576283185999999940e+07
2.575851775200000033e+07
2.575587092799999937e+07
1.287754250799999945e+07
0.000000000000000000e+00
0.000000000000000000e+00
0.000000000000000000e+00
0.000000000000000000e+00
0.000000000000000000e+00
0.000000000000000000e+00
0.000000000000000000e+00
0.000000000000000000e+00
0.000000000000000000e+00
0.000000000000000000e+00
0.000000000000000000e+00
0.000000000000000000e+00
0.000000000000000000e+00
0.000000000000000000e+00
0.000000000000000000e+00
0.000000000000000000e+00
0.000000000000000000e+00
0.000000000000000000e+00
0.000000000000000000e+00
0.000000000000000000e+00
0.000000000000000000e+00
0.000000000000000000e+00
0.000000000000000000e+00
0.000000000000000000e+00
0.000000000000000000e+00
0.000000000000000000e+00
0.000000000000000000e+00
0.000000000000000000e+00
0.000000000000000000e+00
0.000000000000000000e+00
0.000000000000000000e+00
10x50 ensembles written - L=64,p=0.0275,omega=0.0245