2.089659031599999964e+07
4.153795027199999988e+07
4.137277528000000119e+07
4.118823554800000042e+07
4.098527897999999672e+07
4.076563210000000149e+07
4.053070532800000161e+07
4.028206822399999946e+07
4.002144405600000173e+07
3.975010841200000048e+07
3.946943408799999952e+07
3.918112100400000066e+07
3.888651456400000304e+07
3.858711751600000262e+07
3.828461556800000370e+07
3.798053358399999887e+07
3.767646217999999970e+07
3.737406500800000131e+07
3.707471488799999654e+07
3.678024401600000262e+07
3.649212175199999660e+07
3.621220561200000346e+07
3.594186052000000328e+07
3.568250306400000304e+07
3.543572710400000215e+07
3.520297647999999672e+07
3.498554843599999696e+07
3.478498406000000238e+07
3.460215166399999708e+07
3.443809027199999988e+07
3.429382679200000316e+07
3.417034688000000268e+07
3.406802079999999702e+07
3.398817701200000197e+07
3.393069256400000304e+07
3.389582373600000143e+07
1.694213232000000030e+07
0.000000000000000000e+00
0.000000000000000000e+00
0.000000000000000000e+00
0.000000000000000000e+00
0.000000000000000000e+00
0.000000000000000000e+00
0.000000000000000000e+00
0.000000000000000000e+00
0.000000000000000000e+00
0.000000000000000000e+00
0.000000000000000000e+00
0.000000000000000000e+00
0.000000000000000000e+00
0.000000000000000000e+00
0.000000000000000000e+00
0.000000000000000000e+00
0.000000000000000000e+00
0.000000000000000000e+00
0.000000000000000000e+00
0.000000000000000000e+00
0.000000000000000000e+00
0.000000000000000000e+00
0.000000000000000000e+00
0.000000000000000000e+00
0.000000000000000000e+00
0.000000000000000000e+00
0.000000000000000000e+00
0.000000000000000000e+00
0.000000000000000000e+00
0.000000000000000000e+00
0.000000000000000000e+00
0.000000000000000000e+00
0.000000000000000000e+00
0.000000000000000000e+00
0.000000000000000000e+00
10x50 ensembles written - L=72,p=0.0275,omega=0.0145