1.440283019272727333e+07
2.858387427272727340e+07
2.844509910545454547e+07
2.829652574181818217e+07
2.813957545090908930e+07
2.797602315272727236e+07
2.780662993090908974e+07
2.763285241818181798e+07
2.745559632363636419e+07
2.727584762181818113e+07
2.709417747636363655e+07
2.691162586545454711e+07
2.672914848000000045e+07
2.654757750909090787e+07
2.636789629454545304e+07
2.619141061454545334e+07
2.601843958181818202e+07
2.585020600727272779e+07
2.568757298181818053e+07
2.553156321454545483e+07
2.538279093454545364e+07
2.524245414181818068e+07
2.511130717090909183e+07
2.499001155636363477e+07
2.487963739272727445e+07
2.478073108363636211e+07
2.469364723999999836e+07
2.461890036727272719e+07
2.455729640727272630e+07
2.450899996000000089e+07
2.447421679272727296e+07
2.445321561818181723e+07
1.222311909818181768e+07
0.000000000000000000e+00
0.000000000000000000e+00
0.000000000000000000e+00
0.000000000000000000e+00
0.000000000000000000e+00
0.000000000000000000e+00
0.000000000000000000e+00
0.000000000000000000e+00
0.000000000000000000e+00
0.000000000000000000e+00
0.000000000000000000e+00
0.000000000000000000e+00
0.000000000000000000e+00
0.000000000000000000e+00
0.000000000000000000e+00
0.000000000000000000e+00
0.000000000000000000e+00
0.000000000000000000e+00
0.000000000000000000e+00
0.000000000000000000e+00
0.000000000000000000e+00
0.000000000000000000e+00
0.000000000000000000e+00
0.000000000000000000e+00
0.000000000000000000e+00
0.000000000000000000e+00
0.000000000000000000e+00
0.000000000000000000e+00
0.000000000000000000e+00
0.000000000000000000e+00
0.000000000000000000e+00
11x50 ensembles written - L=64,p=0.0275,omega=0.0165