2.118155467999999970e+07
4.211780639599999785e+07
4.195322775599999726e+07
4.176404983200000226e+07
4.155137428000000119e+07
4.131668464000000060e+07
4.106179193999999762e+07
4.078864960000000149e+07
4.049870805200000107e+07
4.019403390399999917e+07
3.987618770000000298e+07
3.954711243199999630e+07
3.920865998799999803e+07
3.886294415600000322e+07
3.851160232400000095e+07
3.815694537600000203e+07
3.780039158399999887e+07
3.744440255200000107e+07
3.709091800400000066e+07
3.674185861200000346e+07
3.639919824800000340e+07
3.606536608799999952e+07
3.574189704800000042e+07
3.543103439999999851e+07
3.513428046800000221e+07
3.485393175999999791e+07
3.459158420799999684e+07
3.434859540399999917e+07
3.412658500400000066e+07
3.392714543999999762e+07
3.375138264000000060e+07
3.360069941600000113e+07
3.347616654800000042e+07
3.337808744000000134e+07
3.330754712799999863e+07
3.326499848800000176e+07
1.662539646399999969e+07
0.000000000000000000e+00
0.000000000000000000e+00
0.000000000000000000e+00
0.000000000000000000e+00
0.000000000000000000e+00
0.000000000000000000e+00
0.000000000000000000e+00
0.000000000000000000e+00
0.000000000000000000e+00
0.000000000000000000e+00
0.000000000000000000e+00
0.000000000000000000e+00
0.000000000000000000e+00
0.000000000000000000e+00
0.000000000000000000e+00
0.000000000000000000e+00
0.000000000000000000e+00
0.000000000000000000e+00
0.000000000000000000e+00
0.000000000000000000e+00
0.000000000000000000e+00
0.000000000000000000e+00
0.000000000000000000e+00
0.000000000000000000e+00
0.000000000000000000e+00
0.000000000000000000e+00
0.000000000000000000e+00
0.000000000000000000e+00
0.000000000000000000e+00
0.000000000000000000e+00
0.000000000000000000e+00
0.000000000000000000e+00
0.000000000000000000e+00
0.000000000000000000e+00
0.000000000000000000e+00
10x50 ensembles written - L=72,p=0.0275,omega=0.0135