1.970604510000000149e+07
3.908261072800000012e+07
3.889611696000000089e+07
3.871661004399999976e+07
3.854689518400000036e+07
3.838723356400000304e+07
3.823781494799999893e+07
3.809839747200000286e+07
3.796808824800000340e+07
3.784599768400000036e+07
3.773204090399999917e+07
3.762567035999999940e+07
3.752581067199999839e+07
3.743265395199999958e+07
3.734549087600000203e+07
3.726397351600000262e+07
3.718795167199999839e+07
3.711732107999999821e+07
3.705129540799999982e+07
3.698991700000000000e+07
3.693301166799999774e+07
3.688010573600000143e+07
3.683134874800000340e+07
3.678676458799999952e+07
3.674629563199999928e+07
3.670893788799999654e+07
3.667530484799999744e+07
3.664526212399999797e+07
3.661842727600000054e+07
3.659448679999999702e+07
3.657427991200000048e+07
3.655731534000000358e+07
3.654372690399999917e+07
3.653296799199999869e+07
3.652570616399999708e+07
3.652113556000000238e+07
1.825978744799999893e+07
0.000000000000000000e+00
0.000000000000000000e+00
0.000000000000000000e+00
0.000000000000000000e+00
0.000000000000000000e+00
0.000000000000000000e+00
0.000000000000000000e+00
0.000000000000000000e+00
0.000000000000000000e+00
0.000000000000000000e+00
0.000000000000000000e+00
0.000000000000000000e+00
0.000000000000000000e+00
0.000000000000000000e+00
0.000000000000000000e+00
0.000000000000000000e+00
0.000000000000000000e+00
0.000000000000000000e+00
0.000000000000000000e+00
0.000000000000000000e+00
0.000000000000000000e+00
0.000000000000000000e+00
0.000000000000000000e+00
0.000000000000000000e+00
0.000000000000000000e+00
0.000000000000000000e+00
0.000000000000000000e+00
0.000000000000000000e+00
0.000000000000000000e+00
0.000000000000000000e+00
0.000000000000000000e+00
0.000000000000000000e+00
0.000000000000000000e+00
0.000000000000000000e+00
0.000000000000000000e+00
10x50 ensembles written - L=72,p=0.0275,omega=0.0225