1.371336465200000070e+07
2.714411450000000000e+07
2.699178310000000149e+07
2.685391259200000018e+07
2.673156940399999917e+07
2.662373640399999917e+07
2.652906452800000086e+07
2.644650171999999881e+07
2.637455712000000104e+07
2.631146838399999961e+07
2.625634551199999824e+07
2.620822059200000018e+07
2.616593050000000000e+07
2.612892093600000069e+07
2.609671490799999982e+07
2.606839317999999970e+07
2.604397107600000128e+07
2.602280160000000149e+07
2.600426961199999973e+07
2.598816583999999985e+07
2.597435268800000101e+07
2.596231343600000069e+07
2.595201646000000089e+07
2.594313362799999863e+07
2.593552082000000030e+07
2.592945821599999815e+07
2.592470425200000033e+07
2.592068937599999830e+07
2.591759684400000051e+07
2.591513001199999824e+07
2.591332939999999851e+07
2.591270535999999940e+07
1.295604334799999930e+07
0.000000000000000000e+00
0.000000000000000000e+00
0.000000000000000000e+00
0.000000000000000000e+00
0.000000000000000000e+00
0.000000000000000000e+00
0.000000000000000000e+00
0.000000000000000000e+00
0.000000000000000000e+00
0.000000000000000000e+00
0.000000000000000000e+00
0.000000000000000000e+00
0.000000000000000000e+00
0.000000000000000000e+00
0.000000000000000000e+00
0.000000000000000000e+00
0.000000000000000000e+00
0.000000000000000000e+00
0.000000000000000000e+00
0.000000000000000000e+00
0.000000000000000000e+00
0.000000000000000000e+00
0.000000000000000000e+00
0.000000000000000000e+00
0.000000000000000000e+00
0.000000000000000000e+00
0.000000000000000000e+00
0.000000000000000000e+00
0.000000000000000000e+00
0.000000000000000000e+00
0.000000000000000000e+00
10x50 ensembles written - L=64,p=0.0275,omega=0.0275