2.068126508444444463e+07
4.109688215555555373e+07
4.092939766666666418e+07
4.074688037333333492e+07
4.055032339111111313e+07
4.034159077333333343e+07
4.012213056888888776e+07
3.989283374222221971e+07
3.965487845777777582e+07
3.940958591555555910e+07
3.915770448444444686e+07
3.890098832888888568e+07
3.864032254222222418e+07
3.837720131111110747e+07
3.811242551555555314e+07
3.784760122666666657e+07
3.758365307999999821e+07
3.732219574666666985e+07
3.706442977333333343e+07
3.681154520444444567e+07
3.656505874666666985e+07
3.632645927555555850e+07
3.609684449777777493e+07
3.587699332888888568e+07
3.566848841333333403e+07
3.547193500888888538e+07
3.528892116444444656e+07
3.511986875111111253e+07
3.496612441333333403e+07
3.482824979999999702e+07
3.470739424888888747e+07
3.460381000444444269e+07
3.451821969333333522e+07
3.445117201333333552e+07
3.440314311555555463e+07
3.437408085333333164e+07
1.718220132888888940e+07
0.000000000000000000e+00
0.000000000000000000e+00
0.000000000000000000e+00
0.000000000000000000e+00
0.000000000000000000e+00
0.000000000000000000e+00
0.000000000000000000e+00
0.000000000000000000e+00
0.000000000000000000e+00
0.000000000000000000e+00
0.000000000000000000e+00
0.000000000000000000e+00
0.000000000000000000e+00
0.000000000000000000e+00
0.000000000000000000e+00
0.000000000000000000e+00
0.000000000000000000e+00
0.000000000000000000e+00
0.000000000000000000e+00
0.000000000000000000e+00
0.000000000000000000e+00
0.000000000000000000e+00
0.000000000000000000e+00
0.000000000000000000e+00
0.000000000000000000e+00
0.000000000000000000e+00
0.000000000000000000e+00
0.000000000000000000e+00
0.000000000000000000e+00
0.000000000000000000e+00
0.000000000000000000e+00
0.000000000000000000e+00
0.000000000000000000e+00
0.000000000000000000e+00
0.000000000000000000e+00
9x50 ensembles written - L=72,p=0.0275,omega=0.0155