1.944444042000000179e+07
3.853167742400000244e+07
3.834019524800000340e+07
3.816715818400000036e+07
3.801323484399999678e+07
3.787785682800000161e+07
3.775925894399999827e+07
3.765578195600000024e+07
3.756525209200000018e+07
3.748677598399999738e+07
3.741797664400000125e+07
3.735856746400000155e+07
3.730679038000000268e+07
3.726181253599999845e+07
3.722261652000000328e+07
3.718866196400000155e+07
3.715856093199999630e+07
3.713249104800000042e+07
3.711011128400000185e+07
3.709006839999999851e+07
3.707245584399999678e+07
3.705716130799999833e+07
3.704375558799999952e+07
3.703241730399999768e+07
3.702241709200000018e+07
3.701376032800000161e+07
3.700645533600000292e+07
3.699983372800000012e+07
3.699407936400000006e+07
3.698964409200000018e+07
3.698595110000000149e+07
3.698287892400000244e+07
3.698061855200000107e+07
3.697882198799999803e+07
3.697784073200000077e+07
3.697697601600000262e+07
1.848844360799999908e+07
0.000000000000000000e+00
0.000000000000000000e+00
0.000000000000000000e+00
0.000000000000000000e+00
0.000000000000000000e+00
0.000000000000000000e+00
0.000000000000000000e+00
0.000000000000000000e+00
0.000000000000000000e+00
0.000000000000000000e+00
0.000000000000000000e+00
0.000000000000000000e+00
0.000000000000000000e+00
0.000000000000000000e+00
0.000000000000000000e+00
0.000000000000000000e+00
0.000000000000000000e+00
0.000000000000000000e+00
0.000000000000000000e+00
0.000000000000000000e+00
0.000000000000000000e+00
0.000000000000000000e+00
0.000000000000000000e+00
0.000000000000000000e+00
0.000000000000000000e+00
0.000000000000000000e+00
0.000000000000000000e+00
0.000000000000000000e+00
0.000000000000000000e+00
0.000000000000000000e+00
0.000000000000000000e+00
0.000000000000000000e+00
0.000000000000000000e+00
0.000000000000000000e+00
0.000000000000000000e+00
10x50 ensembles written - L=72,p=0.0275,omega=0.0275