1.952523476000000164e+07
3.870309826666666567e+07
3.851266760888888687e+07
3.833675303111111373e+07
3.817666402222222090e+07
3.803236822666666657e+07
3.790282849333333224e+07
3.778622611555555463e+07
3.768206283111111075e+07
3.758862113777777553e+07
3.750464869333333522e+07
3.742941700000000000e+07
3.736232008444444090e+07
3.730233541777777672e+07
3.724822625333333015e+07
3.719961825333333015e+07
3.715665744444444776e+07
3.711764416888888925e+07
3.708309400444444269e+07
3.705208557777778059e+07
3.702417158666666597e+07
3.699938609777777642e+07
3.697772207999999821e+07
3.695794396000000089e+07
3.694059363555555791e+07
3.692507848888888955e+07
3.691142234666666389e+07
3.689945688444444537e+07
3.688860541777777672e+07
3.687949581777777523e+07
3.687231995555555820e+07
3.686614166666666418e+07
3.686077840888889134e+07
3.685674407999999821e+07
3.685366945333333313e+07
3.685142830222222209e+07
1.842527042666666582e+07
0.000000000000000000e+00
0.000000000000000000e+00
0.000000000000000000e+00
0.000000000000000000e+00
0.000000000000000000e+00
0.000000000000000000e+00
0.000000000000000000e+00
0.000000000000000000e+00
0.000000000000000000e+00
0.000000000000000000e+00
0.000000000000000000e+00
0.000000000000000000e+00
0.000000000000000000e+00
0.000000000000000000e+00
0.000000000000000000e+00
0.000000000000000000e+00
0.000000000000000000e+00
0.000000000000000000e+00
0.000000000000000000e+00
0.000000000000000000e+00
0.000000000000000000e+00
0.000000000000000000e+00
0.000000000000000000e+00
0.000000000000000000e+00
0.000000000000000000e+00
0.000000000000000000e+00
0.000000000000000000e+00
0.000000000000000000e+00
0.000000000000000000e+00
0.000000000000000000e+00
0.000000000000000000e+00
0.000000000000000000e+00
0.000000000000000000e+00
0.000000000000000000e+00
0.000000000000000000e+00
9x50 ensembles written - L=72,p=0.0275,omega=0.0255