1.963862990222222358e+07
3.894111759111110866e+07
3.875280904444444180e+07
3.857408118666666746e+07
3.840676820000000298e+07
3.825194128888888657e+07
3.810875084444444627e+07
3.797639019555555284e+07
3.785472526222222298e+07
3.774251626222222298e+07
3.763926707999999821e+07
3.754410495555555820e+07
3.745646266666666418e+07
3.737549469777777791e+07
3.730063924000000209e+07
3.723181985777777433e+07
3.716875586222222447e+07
3.711029244444444776e+07
3.705690147999999672e+07
3.700727786222222447e+07
3.696228716444444656e+07
3.692101908444444090e+07
3.688400206666667014e+07
3.684995364444444329e+07
3.681943557777778059e+07
3.679202584444444627e+07
3.676735925777778029e+07
3.674577936444444209e+07
3.672683094666666538e+07
3.671010862222222239e+07
3.669613242222221941e+07
3.668470162222222239e+07
3.667537696000000089e+07
3.666793615111111104e+07
3.666261329777777940e+07
3.665933918222222477e+07
1.832915286666666716e+07
0.000000000000000000e+00
0.000000000000000000e+00
0.000000000000000000e+00
0.000000000000000000e+00
0.000000000000000000e+00
0.000000000000000000e+00
0.000000000000000000e+00
0.000000000000000000e+00
0.000000000000000000e+00
0.000000000000000000e+00
0.000000000000000000e+00
0.000000000000000000e+00
0.000000000000000000e+00
0.000000000000000000e+00
0.000000000000000000e+00
0.000000000000000000e+00
0.000000000000000000e+00
0.000000000000000000e+00
0.000000000000000000e+00
0.000000000000000000e+00
0.000000000000000000e+00
0.000000000000000000e+00
0.000000000000000000e+00
0.000000000000000000e+00
0.000000000000000000e+00
0.000000000000000000e+00
0.000000000000000000e+00
0.000000000000000000e+00
0.000000000000000000e+00
0.000000000000000000e+00
0.000000000000000000e+00
0.000000000000000000e+00
0.000000000000000000e+00
0.000000000000000000e+00
0.000000000000000000e+00
9x50 ensembles written - L=72,p=0.0275,omega=0.0235