1.957555300888888910e+07
3.880927864444444329e+07
3.862022104444444180e+07
3.844370728888888657e+07
3.828053948444444686e+07
3.813150320888888836e+07
3.799572346666666865e+07
3.787253539555555582e+07
3.776048638222222030e+07
3.765904861777777970e+07
3.756685756444444507e+07
3.748306876888889074e+07
3.740679350222222507e+07
3.733737796888888627e+07
3.727372704888889194e+07
3.721628240888889134e+07
3.716424032888888568e+07
3.711695228888888657e+07
3.707389855111110955e+07
3.703456937777777761e+07
3.699911609777777642e+07
3.696661856888888776e+07
3.693679724000000209e+07
3.691053029333333671e+07
3.688629954666666687e+07
3.686468295555555820e+07
3.684544041777777672e+07
3.682859119111111015e+07
3.681401480888888985e+07
3.680135212888889015e+07
3.679034275111111253e+07
3.678093520444444567e+07
3.677351819555555284e+07
3.676793130222222209e+07
3.676352884444444627e+07
3.676076220888888836e+07
1.837997389333333448e+07
0.000000000000000000e+00
0.000000000000000000e+00
0.000000000000000000e+00
0.000000000000000000e+00
0.000000000000000000e+00
0.000000000000000000e+00
0.000000000000000000e+00
0.000000000000000000e+00
0.000000000000000000e+00
0.000000000000000000e+00
0.000000000000000000e+00
0.000000000000000000e+00
0.000000000000000000e+00
0.000000000000000000e+00
0.000000000000000000e+00
0.000000000000000000e+00
0.000000000000000000e+00
0.000000000000000000e+00
0.000000000000000000e+00
0.000000000000000000e+00
0.000000000000000000e+00
0.000000000000000000e+00
0.000000000000000000e+00
0.000000000000000000e+00
0.000000000000000000e+00
0.000000000000000000e+00
0.000000000000000000e+00
0.000000000000000000e+00
0.000000000000000000e+00
0.000000000000000000e+00
0.000000000000000000e+00
0.000000000000000000e+00
0.000000000000000000e+00
0.000000000000000000e+00
0.000000000000000000e+00
9x50 ensembles written - L=72,p=0.0275,omega=0.0245