1.384489222000000067e+07
2.742374629142856970e+07
2.727414726857142895e+07
2.713237100571428612e+07
2.699981438857143000e+07
2.687655793714285642e+07
2.676283701142857224e+07
2.665785445428571478e+07
2.656109209142857045e+07
2.647173452285714447e+07
2.638900637999999896e+07
2.631293603142857179e+07
2.624284559714285657e+07
2.617847253142857179e+07
2.611952154285714403e+07
2.606495946285714209e+07
2.601525479714285582e+07
2.596983405999999866e+07
2.592859991428571567e+07
2.589122359714285657e+07
2.585721234857142717e+07
2.582672114857142791e+07
2.579923166000000015e+07
2.577495837142857164e+07
2.575365429142856970e+07
2.573486370285714418e+07
2.571878703714285791e+07
2.570521630857142806e+07
2.569426916857142746e+07
2.568559687428571284e+07
2.567933664000000060e+07
2.567585859428571537e+07
1.283739274857142940e+07
0.000000000000000000e+00
0.000000000000000000e+00
0.000000000000000000e+00
0.000000000000000000e+00
0.000000000000000000e+00
0.000000000000000000e+00
0.000000000000000000e+00
0.000000000000000000e+00
0.000000000000000000e+00
0.000000000000000000e+00
0.000000000000000000e+00
0.000000000000000000e+00
0.000000000000000000e+00
0.000000000000000000e+00
0.000000000000000000e+00
0.000000000000000000e+00
0.000000000000000000e+00
0.000000000000000000e+00
0.000000000000000000e+00
0.000000000000000000e+00
0.000000000000000000e+00
0.000000000000000000e+00
0.000000000000000000e+00
0.000000000000000000e+00
0.000000000000000000e+00
0.000000000000000000e+00
0.000000000000000000e+00
0.000000000000000000e+00
0.000000000000000000e+00
0.000000000000000000e+00
0.000000000000000000e+00
14x50 ensembles written - L=64,p=0.0275,omega=0.0235