1.389150083714285679e+07
2.752193743714285642e+07
2.737318231714285538e+07
2.723034842000000179e+07
2.709477249142857268e+07
2.696730546000000089e+07
2.684759228571428731e+07
2.673572018285714462e+07
2.663105723999999836e+07
2.653327537142857164e+07
2.644187711714285612e+07
2.635668071428571269e+07
2.627717769142857194e+07
2.620309953142857179e+07
2.613427606571428478e+07
2.607012987428571284e+07
2.601087970857143030e+07
2.595608757142857090e+07
2.590563694285714254e+07
2.585914246285714209e+07
2.581667421714285761e+07
2.577800639142857119e+07
2.574294749428571388e+07
2.571160114000000060e+07
2.568377756571428478e+07
2.565960567714285851e+07
2.563885621714285761e+07
2.562140420571428537e+07
2.560730854285714403e+07
2.559631601428571343e+07
2.558823839428571612e+07
2.558339317428571358e+07
1.279099124285714328e+07
0.000000000000000000e+00
0.000000000000000000e+00
0.000000000000000000e+00
0.000000000000000000e+00
0.000000000000000000e+00
0.000000000000000000e+00
0.000000000000000000e+00
0.000000000000000000e+00
0.000000000000000000e+00
0.000000000000000000e+00
0.000000000000000000e+00
0.000000000000000000e+00
0.000000000000000000e+00
0.000000000000000000e+00
0.000000000000000000e+00
0.000000000000000000e+00
0.000000000000000000e+00
0.000000000000000000e+00
0.000000000000000000e+00
0.000000000000000000e+00
0.000000000000000000e+00
0.000000000000000000e+00
0.000000000000000000e+00
0.000000000000000000e+00
0.000000000000000000e+00
0.000000000000000000e+00
0.000000000000000000e+00
0.000000000000000000e+00
0.000000000000000000e+00
0.000000000000000000e+00
0.000000000000000000e+00
14x50 ensembles written - L=64,p=0.0275,omega=0.0225