2.030741831199999899e+07
4.032822829999999702e+07
4.015490139599999785e+07
3.997393348399999738e+07
3.978719989199999720e+07
3.959586072800000012e+07
3.940115230799999833e+07
3.920350314400000125e+07
3.900406782000000030e+07
3.880341720799999684e+07
3.860176890399999917e+07
3.840021574800000340e+07
3.819958752799999714e+07
3.800004197999999672e+07
3.780256529999999702e+07
3.760749060000000149e+07
3.741579438799999654e+07
3.722821649599999934e+07
3.704513596400000155e+07
3.686726644799999893e+07
3.669538531599999964e+07
3.652985905600000173e+07
3.637188814400000125e+07
3.622197126799999923e+07
3.608034579599999636e+07
3.594735013599999994e+07
3.582411833200000226e+07
3.571122425999999791e+07
3.560891074800000340e+07
3.551741916799999774e+07
3.543759813199999928e+07
3.536943585599999875e+07
3.531350742400000244e+07
3.526998557999999821e+07
3.523890999199999869e+07
3.522020234000000358e+07
1.760692250400000066e+07
0.000000000000000000e+00
0.000000000000000000e+00
0.000000000000000000e+00
0.000000000000000000e+00
0.000000000000000000e+00
0.000000000000000000e+00
0.000000000000000000e+00
0.000000000000000000e+00
0.000000000000000000e+00
0.000000000000000000e+00
0.000000000000000000e+00
0.000000000000000000e+00
0.000000000000000000e+00
0.000000000000000000e+00
0.000000000000000000e+00
0.000000000000000000e+00
0.000000000000000000e+00
0.000000000000000000e+00
0.000000000000000000e+00
0.000000000000000000e+00
0.000000000000000000e+00
0.000000000000000000e+00
0.000000000000000000e+00
0.000000000000000000e+00
0.000000000000000000e+00
0.000000000000000000e+00
0.000000000000000000e+00
0.000000000000000000e+00
0.000000000000000000e+00
0.000000000000000000e+00
0.000000000000000000e+00
0.000000000000000000e+00
0.000000000000000000e+00
0.000000000000000000e+00
0.000000000000000000e+00
10x50 ensembles written - L=72,p=0.0275,omega=0.0175