72 0.0275 0.0135 401.9902595517142
72 0.0275 0.0145 406.4245316392332
72 0.0275 0.0155 409.8072344515446
72 0.0275 0.0165 412.8409973290222
72 0.0275 0.0175 415.7820797400703
72 0.0275 0.0185 418.26998986861463
72 0.0275 0.0195 420.3457130954933
72 0.0275 0.0205 422.5293320063898
72 0.0275 0.0215 423.8527422421927
72 0.0275 0.0225 425.1581340385984
72 0.0275 0.0235 426.1730198184791
72 0.0275 0.0245 426.98716965812474
72 0.0275 0.0255 427.68508028635114
72 0.0275 0.0265 428.25127623769487
72 0.0275 0.0275 428.69095581434675
