0.0245 0.0215 1558.4218428571423 2484789.640728572 6606589581260.463
0.0335 0.0215 1577.2764952380949 2533400.5915714283 6776401719818.057
0.0425 0.0215 1576.2257380952378 2525366.9181095236 6696441623055.911
0.051500000000000004 0.0215 1562.649438095238 2480274.9162666663 6447030064202.209
0.060500000000000005 0.0215 1538.4712952380953 2405868.419009524 6079321594141.551
0.0695 0.0215 1506.9642000000003 2312210.65697 5642644489147.192
0.07850000000000001 0.0215 1468.183738095238 2200823.7778714285 5154073960924.212
0.0875 0.0215 1423.1226952380948 2075566.4083809527 4635255253635.408
0.0965 0.0215 1374.8318285714288 1945513.5049714285 4124895612188.3906
0.10550000000000001 0.0215 1319.0163714285713 1801703.4420952382 3602493632699.8594
