0.0245 0.0215 1938.6360281690138 3851331.330070423 15947130693805.15
0.0335 0.0215 1968.0678333333335 3949257.040402777 16526577553416.127
0.0425 0.0215 1972.2846013986016 3955443.600055944 16450049127294.182
0.051500000000000004 0.0215 1957.4543356643355 3892767.650307692 15893294833716.98
0.060500000000000005 0.0215 1929.169153846154 3782565.2377272723 15023776536533.762
0.0695 0.0215 1888.321062937063 3630487.5706993015 13910915500566.355
0.07850000000000001 0.0215 1834.169105633803 3436239.4354718314 12579687103478.31
0.0875 0.0215 1772.3020279720276 3222711.9489930063 11209092099823.924
0.0965 0.0215 1702.2532253521124 2989359.4523661975 9803857508421.014
0.10550000000000001 0.0215 1627.3507887323942 2750343.3696197183 8462134057515.324
