0.02 0.0215 1538.879041666667 2432191.730591667 6400110203098.466
0.028999999999999998 0.0215 1570.9951583333334 2518185.5690749995 6733010112506.6875
0.038 0.0215 1579.0225749999995 2536052.319158333 6766861353799.668
0.047 0.0215 1571.9712666666667 2509645.5727166664 6598361870804.472
0.055999999999999994 0.0215 1551.5031916666665 2445518.902608333 6271699631343.199
0.065 0.0215 1524.868504255319 2364417.5908531914 5878644930513.477
0.074 0.0215 1489.0442416666663 2259604.365425 5404467885332.721
0.083 0.0215 1445.8440999999998 2138117.9208 4889665180108.856
0.092 0.0215 1399.1378999999997 2010282.712533333 4374569575324.5312
0.10099999999999999 0.0215 1346.9462583333336 1873190.2942583335 3859032823209.324
