0.02 0.0215 1906.8123294117652 3742666.8735294114 15256970835450.717
0.028999999999999998 0.0215 1958.2448117647054 3917303.832129412 16350427162568.28
0.038 0.0215 1976.2241764705882 3973541.08817647 16628959092297.898
0.047 0.0215 1967.4739285714284 3933550.624380952 16237178069165.307
0.055999999999999994 0.0215 1945.0717023809525 3843545.7022023816 15491235250125.484
0.065 0.0215 1908.6886761006288 3706404.75568868 14465563974540.08
0.074 0.0215 1861.1441190476191 3531850.2883571433 13222274417773.824
0.083 0.0215 1806.0929166666665 3337277.8014880954 11922483425545.93
0.092 0.0215 1736.8670476190482 3103290.1121428567 10476554475286.764
0.10099999999999999 0.0215 1666.4555833333332 2872713.545511904 9130274730073.111
