2.000000000000000042e-02 2.149999999999999828e-02 1.538879041666667035e+03 2.432191730591666885e+06 6.400110203098465820e+12
2.450000000000000094e-02 2.149999999999999828e-02 1.558421842857142337e+03 2.484789640728571918e+06 6.606589581260462891e+12
2.899999999999999800e-02 2.149999999999999828e-02 1.570995158333333393e+03 2.518185569074999541e+06 6.733010112506687500e+12
3.350000000000000200e-02 2.149999999999999828e-02 1.577276495238094867e+03 2.533400591571428347e+06 6.776401719818056641e+12
3.799999999999999906e-02 2.149999999999999828e-02 1.579022574999999506e+03 2.536052319158332888e+06 6.766861353799667969e+12
4.250000000000000305e-02 2.149999999999999828e-02 1.576225738095237830e+03 2.525366918109523598e+06 6.696441623055911133e+12
4.700000000000000011e-02 2.149999999999999828e-02 1.571971266666666679e+03 2.509645572716666386e+06 6.598361870804471680e+12
5.150000000000000411e-02 2.149999999999999828e-02 1.562649438095238111e+03 2.480274916266666260e+06 6.447030064202208984e+12
5.599999999999999423e-02 2.149999999999999828e-02 1.551503191666666453e+03 2.445518902608333156e+06 6.271699631343199219e+12
6.050000000000000516e-02 2.149999999999999828e-02 1.538471295238095308e+03 2.405868419009523932e+06 6.079321594141550781e+12
6.500000000000000222e-02 2.149999999999999828e-02 1.524868504255319067e+03 2.364417590853191447e+06 5.878644930513476562e+12
6.950000000000000622e-02 2.149999999999999828e-02 1.506964200000000346e+03 2.312210656969999894e+06 5.642644489147192383e+12
7.399999999999999634e-02 2.149999999999999828e-02 1.489044241666666267e+03 2.259604365424999967e+06 5.404467885332720703e+12
7.850000000000001421e-02 2.149999999999999828e-02 1.468183738095237914e+03 2.200823777871428523e+06 5.154073960924211914e+12
8.300000000000000433e-02 2.149999999999999828e-02 1.445844099999999798e+03 2.138117920799999963e+06 4.889665180108856445e+12
8.749999999999999445e-02 2.149999999999999828e-02 1.423122695238094821e+03 2.075566408380952664e+06 4.635255253635408203e+12
9.199999999999999845e-02 2.149999999999999828e-02 1.399137899999999718e+03 2.010282712533333106e+06 4.374569575324531250e+12
9.650000000000000244e-02 2.149999999999999828e-02 1.374831828571428787e+03 1.945513504971428541e+06 4.124895612188390625e+12
1.009999999999999926e-01 2.149999999999999828e-02 1.346946258333333617e+03 1.873190294258333510e+06 3.859032823209324219e+12
1.055000000000000104e-01 2.149999999999999828e-02 1.319016371428571347e+03 1.801703442095238250e+06 3.602493632699859375e+12
