2.000000000000000042e-02 2.149999999999999828e-02 1.906812329411765177e+03 3.742666873529411387e+06 1.525697083545071680e+13
2.450000000000000094e-02 2.149999999999999828e-02 1.938636028169013798e+03 3.851331330070422962e+06 1.594713069380515039e+13
2.899999999999999800e-02 2.149999999999999828e-02 1.958244811764705446e+03 3.917303832129411865e+06 1.635042716256827930e+13
3.350000000000000200e-02 2.149999999999999828e-02 1.968067833333333510e+03 3.949257040402777027e+06 1.652657755341612695e+13
3.799999999999999906e-02 2.149999999999999828e-02 1.976224176470588191e+03 3.973541088176469784e+06 1.662895909229789844e+13
4.250000000000000305e-02 2.149999999999999828e-02 1.972284601398601581e+03 3.955443600055944175e+06 1.645004912729418164e+13
4.700000000000000011e-02 2.149999999999999828e-02 1.967473928571428360e+03 3.933550624380952213e+06 1.623717806916530664e+13
5.150000000000000411e-02 2.149999999999999828e-02 1.957454335664335531e+03 3.892767650307692122e+06 1.589329483371698047e+13
5.599999999999999423e-02 2.149999999999999828e-02 1.945071702380952502e+03 3.843545702202381566e+06 1.549123525012548438e+13
6.050000000000000516e-02 2.149999999999999828e-02 1.929169153846153904e+03 3.782565237727272324e+06 1.502377653653376172e+13
6.500000000000000222e-02 2.149999999999999828e-02 1.908688676100628754e+03 3.706404755688679870e+06 1.446556397454008008e+13
6.950000000000000622e-02 2.149999999999999828e-02 1.888321062937063061e+03 3.630487570699301548e+06 1.391091550056635547e+13
7.399999999999999634e-02 2.149999999999999828e-02 1.861144119047619142e+03 3.531850288357143290e+06 1.322227441777382422e+13
7.850000000000001421e-02 2.149999999999999828e-02 1.834169105633802928e+03 3.436239435471831355e+06 1.257968710347831055e+13
8.300000000000000433e-02 2.149999999999999828e-02 1.806092916666666497e+03 3.337277801488095429e+06 1.192248342554592969e+13
8.749999999999999445e-02 2.149999999999999828e-02 1.772302027972027645e+03 3.222711948993006255e+06 1.120909209982392383e+13
9.199999999999999845e-02 2.149999999999999828e-02 1.736867047619048208e+03 3.103290112142856698e+06 1.047655447528676367e+13
9.650000000000000244e-02 2.149999999999999828e-02 1.702253225352112395e+03 2.989359452366197482e+06 9.803857508421013672e+12
1.009999999999999926e-01 2.149999999999999828e-02 1.666455583333333152e+03 2.872713545511904173e+06 9.130274730073111328e+12
1.055000000000000104e-01 2.149999999999999828e-02 1.627350788732394221e+03 2.750343369619718287e+06 8.462134057515324219e+12
