0.15 0.015 2125.972782608696 4521800.481304348 20483271555159.2
0.15 0.0165 2077.662357142857 4319547.904714286 18706875023354.156
0.15 0.018 2023.3286666666663 4098564.4891666663 16869727742375.744
0.15 0.0195 1958.8229583333334 3846830.8497916665 14929674777514.31
0.15 0.021 1877.6565714285719 3549746.9462142857 12875229161142.29
0.15 0.0225 1773.3265652173911 3190218.857869566 10636198613333.217
0.15 0.024 1648.348758620689 2792890.005931034 8470484450046.287
0.15 0.0255 1523.3797586206897 2421411.6142413793 6654502068196.59
0.15 0.027 1405.747740740741 2092662.6110740742 5204097764728.186
0.15 0.0285 1298.5162068965517 1812002.0854482758 4084906162330.735
0.15 0.03 1211.5362499999997 1596501.9645000002 3298489637345.2144
0.15 0.0315 1145.4015555555557 1441153.1284444442 2781077173340.7295
0.15 0.033 1080.8815000000002 1292864.2495 2298903105256.806
0.15 0.0345 1023.4121923076926 1167095.6473461539 1921437936391.8914
0.15 0.036 975.383 1066028.9762307694 1640928769628.5242
