0.02 0.005 1979.5207 3918694.3595999996 15359161113356.268
0.02 0.007 1956.8575135135136 3829664.6775675677 14671914082115.07
0.02 0.009 1930.5172972972975 3727649.5740000005 13905978384009.582
0.02 0.011 1898.433512820513 3605837.2718205117 13025201014531.723
0.02 0.013 1859.0058157894734 3460160.8087105257 12023082310670.963
0.02 0.015 1806.0424473684213 3272588.5006052633 10824055680088.775
0.02 0.017 1738.7062702702706 3045443.417783784 9488228587890.994
0.02 0.019 1660.0976410256408 2794210.3636923074 8138423525791.935
0.02 0.021 1577.3089210526316 2542545.4073421047 6897610519159.207
0.02 0.023 1493.0830789473684 2300493.125131579 5808162905100.878
0.02 0.025 1416.3381111111112 2089070.914777778 4921113366688.78
0.02 0.027 1345.7394736842107 1904340.500736842 4207923711935.814
0.02 0.029 1279.2207027027027 1736860.008108108 3598436207112.413
0.02 0.031 1223.3190526315789 1600006.5405789472 3126916354063.395
0.02 0.033 1170.0929999999998 1475963.6391578943 2729482665068.0947
