0.15 0.015 1677.0515399999997 2814168.885593333 7938005213856.412
0.15 0.0165 1639.2890833333333 2689725.3977348483 7259923612527.434
0.15 0.018 1596.8919374999998 2554456.828609375 6565839722283.74
0.15 0.0195 1546.9778907563025 2401985.8112857137 5841437851378.991
0.15 0.021 1484.3747831325306 2221360.3762289155 5062907220656.309
0.15 0.0225 1409.0776050955412 2017145.6992356689 4270409245133.573
0.15 0.024 1322.5656054421768 1796954.353659864 3501106894559.536
0.15 0.0255 1235.7748888888889 1589044.1212820513 2843416310551.5977
0.15 0.027 1154.3590325203252 1405209.2893089429 2314691632095.025
0.15 0.0285 1080.4427875000001 1246473.0912625 1893430538320.91
0.15 0.03 1017.7079594594595 1117552.4611081083 1574608550882.474
0.15 0.0315 964.438641025641 1012796.4970854702 1332366304780.357
0.15 0.033 916.5910571428572 922510.7456428572 1137423749291.286
0.15 0.0345 874.790549180328 846165.7608442622 981914642204.7733
0.15 0.036 839.5009855072462 783789.3675507247 860217527730.838
