0.235 0.01 2126.7916666666665 4525505.310238096 20520959629169.418
0.235 0.0115 2054.7796296296297 4225065.97888889 17900523891399.797
0.235 0.013 1986.1451851851855 3948491.3711111103 15646557822436.914
0.235 0.0145 1898.0670909090907 3609668.021636363 13122522603352.908
0.235 0.016 1810.1264814814817 3289025.829814815 10960511541908.832
0.235 0.0175 1698.3744444444444 2913168.807407407 8761061526682.638
0.235 0.019 1560.7718518518523 2493763.7437037034 6682663937389.207
0.235 0.0205 1394.770925925926 2034167.4883333335 4733418661730.659
0.235 0.022 1251.9610843373493 1673710.2765060235 3419817866925.0283
0.235 0.0235 1121.1712048192771 1368501.584939759 2437398326024.5264
0.235 0.025 1042.3440740740741 1195476.4625925925 1931760707400.485
0.235 0.0265 958.5864814814814 1024406.4861111114 1491141018378.9773
0.235 0.028 888.8359259259258 892409.8981481481 1184689632879.3137
0.235 0.0295 846.3031481481481 812995.1287037038 999728813438.8822
0.235 0.031 796.9684337349397 724279.5342168671 815773067983.3215
