0.235 0.01 1671.1311052631575 2794490.357263157 7829301970816.488
0.235 0.0115 1615.4047027027027 2611806.8122702707 6844749246762.479
0.235 0.013 1556.5446896551728 2426072.1767931036 5916346573491.803
0.235 0.0145 1494.803357142857 2240156.551309524 5065079734230.845
0.235 0.016 1425.914458333333 2044728.7129583335 4260843262055.11
0.235 0.0175 1338.2026086956525 1814474.7626956524 3431758454179.989
0.235 0.019 1232.1478703703706 1559423.8731296295 2639486228377.82
0.235 0.0205 1124.2931296296294 1321267.1795 1995743671864.8643
0.235 0.022 1022.3442592592593 1113042.1041851852 1499591129216.4902
0.235 0.0235 938.6601764705882 952701.2795490198 1154165717578.5627
0.235 0.025 873.949075471698 836969.3917547172 930788334330.8647
0.235 0.0265 813.0844444444443 732424.1672592594 741110948466.7957
0.235 0.028 767.5663260869567 657985.4795434782 616145256010.102
0.235 0.0295 728.1289142857142 596369.8030285714 520452783609.303
0.235 0.031 694.7387735849056 545920.7519811321 446869891612.90784
