24 0.9 0.4922306612038751 0.24232005883249025 0.05874670224027236
24 0.95 0.4894830961585027 0.23964066746552184 0.05747167174917771
24 1.0 0.4860514629049112 0.23632548148964466 0.055922325442181196
24 1.05 0.482030851155964 0.23248949256663898 0.05417037407306847
24 1.1 0.47716348913081874 0.22792718555343572 0.05215141243739821
24 1.15 0.4715577537969624 0.2227907997741642 0.049965554767506457
24 1.2 0.46538545739654624 0.21728757601064472 0.047728472310011066
24 1.25 0.45857255591630597 0.21136579192141539 0.045419270334774955
24 1.3 0.45168229565510704 0.20550920413133741 0.04321837658065373
24 1.35 0.4441792355371901 0.19926656449676702 0.040953297229858944
