64 0.9 0.4904475622624468 0.2405443497636151 0.05786689826179143
64 0.95 0.48657131731017567 0.2367617498670728 0.05606564659186954
64 1.0 0.4812456855115262 0.23161689620554163 0.05366429975714197
64 1.05 0.47379675298178753 0.22452818207503178 0.050452441728748146
64 1.1 0.46355159592245987 0.21500541270607934 0.046330251131651574
64 1.15 0.4499854089074054 0.20295655377380953 0.04152372960740259
64 1.2 0.4335895477131726 0.18933774763502434 0.0366651170620568
64 1.25 0.41653415534503296 0.17586902256222256 0.03224006397248299
64 1.3 0.4007749857552024 0.16390695056313095 0.028553527132613415
64 1.35 0.38498641020529384 0.15232762837446004 0.025172404202764332
