48 0.9 0.49075992393446666 0.24085467342921693 0.05801995825235898
48 0.95 0.4871543897434713 0.23733575579756627 0.05634366917844805
48 1.0 0.48225303770732003 0.23259851256129244 0.0541301122039588
48 1.05 0.4758615659057682 0.22650737076305913 0.051361468175305014
48 1.1 0.46725405259078123 0.21848268050290107 0.04786399909840292
48 1.15 0.45680472146304824 0.2091076385563514 0.04404793652093957
48 1.2 0.444445380285224 0.19854975997905924 0.0400901424296673
48 1.25 0.43161179098679103 0.18807794440890077 0.03644787979167241
48 1.3 0.41757476858684245 0.17709311436457933 0.032867685873018825
48 1.35 0.4052648192450824 0.1676004711626355 0.029860126868031477
