32 0.9 0.4915388697574013 0.24162879149537336 0.05840201572651624
32 0.95 0.4883579036458333 0.23852504062652588 0.05692390087016047
32 1.0 0.48423206922743056 0.23453580747710337 0.05505758576522039
32 1.05 0.47927392578125 0.22980548153696834 0.052900674737753645
32 1.1 0.47303067476455474 0.22396275662722653 0.05032921936406302
32 1.15 0.4657545200892857 0.21734826889038086 0.047562377489849206
32 1.2 0.45733685487689407 0.20996694908720073 0.04465402061565309
32 1.25 0.4482074133831522 0.2022163730704266 0.04176028480002926
32 1.3 0.43881602411684784 0.19445994660474253 0.038991399256363614
32 1.35 0.42974539005055157 0.18716979317104118 0.03649503400858798
32 1.4 0.4216984049479167 0.18084506564670141 0.034406247327361195
32 1.45 0.4114723036024305 0.1729420390393999 0.03187695125629779
32 1.5 0.4024008517795139 0.1662212034066518 0.02984999269822121
32 1.55 0.39334418402777777 0.15937936650382145 0.027740473345250947
32 1.6 0.3848786078559028 0.153282292286555 0.02598867784263916
32 1.65 0.37673923068576387 0.14756538563304478 0.024411830678699033
32 1.7 0.37058919270833335 0.14297057469685873 0.02305550205586163
32 1.75 0.36013671875 0.13593193928400676 0.021203022627900428
32 1.8 0.35773193359375 0.1342360512415568 0.020727647831396703
32 1.85 0.3488570149739584 0.12838491797447205 0.019282293305403757
32 1.9 0.33980550130208337 0.12203683217366536 0.01758613256455495
32 1.95 0.3348018391927083 0.11906900525093077 0.01695872907646503
32 2.0 0.3296892632378473 0.11570797032780117 0.016122628100787576
32 2.05 0.32397867838541666 0.11222901335468999 0.015350862806968525
32 2.1 0.31821906195746524 0.10851399574014874 0.014465171958997807
32 2.15 0.31226571542245374 0.10484811712194372 0.013652600903292633
32 2.2 0.3087850613064236 0.10281163169278038 0.01322263977758698
32 2.25 0.3024939869068287 0.09887263585019995 0.012344273649905728
32 2.5 0.27913045247395835 0.08525107781092325 0.00956921676328572
32 3.0 0.24912272135416672 0.06903897762298583 0.006659840926722608
32 3.5 0.22841267903645834 0.058783638874689736 0.005026009517942309
32 4.0 0.20976989746093752 0.05002043386300405 0.0037897620407956836
32 4.5 0.19572306315104168 0.04382253726323446 0.0029891528305718866
32 5.0 0.18812622070312499 0.04067802309989929 0.0026252193004518173
