64 0.235 0.01 314.92831141057957
64 0.235 0.0115 315.0477084546981
64 0.235 0.013 318.9644000987466
64 0.235 0.0145 324.0324627484862
64 0.235 0.016 328.9693975968162
64 0.235 0.0175 332.79334382763335
64 0.235 0.019 335.47274641479595
64 0.235 0.0205 337.2607314439969
64 0.235 0.022 338.4734053295942
64 0.235 0.0235 339.182461487711
64 0.235 0.025 339.63303929319983
64 0.235 0.0265 339.95227442889274
64 0.235 0.028 340.1561731173523
64 0.235 0.0295 340.31938756277145
64 0.235 0.031 340.4535996007898
