64 0.0275 0.0135 318.77350617819394
64 0.0275 0.0145 320.70796242586937
64 0.0275 0.0155 324.1163810278058
64 0.0275 0.0165 326.21678553693977
64 0.0275 0.0175 328.3388433335742
64 0.0275 0.0185 330.488935372552
64 0.0275 0.0195 331.721333876224
64 0.0275 0.0205 333.19905842586144
64 0.0275 0.0215 334.365751897069
64 0.0275 0.0225 335.3376259983785
64 0.0275 0.0235 336.1147300621906
64 0.0275 0.0245 336.79619419458555
64 0.0275 0.0255 337.37678166660606
64 0.0275 0.0265 337.7871315706323
64 0.0275 0.0275 338.1683193334367
