32 0.9 68.4410091056158
32 0.95 69.80160234670927
32 1.0 71.66430481483873
32 1.05 73.99597249348959
32 1.1 76.59784774458001
32 1.15 79.09272355569186
32 1.2 81.00294256574983
32 1.25 82.38305812923265
32 1.3 83.12857140743374
32 1.35 83.71387141777626
32 1.4 84.06537959784478
32 1.45 84.32575570647883
32 1.5 84.5053548308607
32 1.55 84.61525137168121
32 1.6 84.73721457741478
32 1.65 84.79787491286562
32 1.7 84.87014215724959
32 1.75 84.91685611814762
32 1.8 84.93000566702179
32 1.85 84.9772901015362
32 1.9 84.99273846045087
32 1.95 85.01956150699705
32 2.0 85.0522247547816
32 2.05 85.06983347928795
32 2.1 85.0855916604193
32 2.15 85.10079644097222
32 2.2 85.11131092401882
32 2.25 85.12824885437492
32 2.5 85.17413930401015
32 3.0 85.21608724780356
32 3.5 85.24053892029016
32 4.0 85.25895386153198
32 4.5 85.27254481007996
32 5.0 85.27732651712437
