2.727881869999146391e-02 2.000000000000000042e-03
4.711798029998554016e-02 4.000000000000000083e-03
6.652922460001658989e-02 6.000000000000000125e-03
8.571053039996735790e-02 8.000000000000000167e-03
1.051575973999676478e-01 1.000000000000000021e-02
1.249707261999957464e-01 1.200000000000000025e-02
1.458566379000355573e-01 1.400000000000000029e-02
1.681440731999230831e-01 1.600000000000000033e-02
1.930186767999281239e-01 1.799999999999999864e-02
2.219104445999828812e-01 2.000000000000000042e-02
2.638555412000372358e-01 2.199999999999999872e-02
0.35 0.0235
0.38 0.0235
0.4 0.0235
0.43 0.0235
0.45 0.0235
0.48 0.0235
0.5 0.0235 
