0.5 0.0235
0.525 0.0235
0.55 0.0235
0.575 0.0235
0.6 0.0235
0.625 0.0235
0.65 0.0235
0.675 0.0235
0.7 0.0235
8.099377185999517836e-01 2.199999999999999872e-02
8.543763872000020854e-01 2.000000000000000042e-02
8.830256048000555413e-01 1.799999999999999864e-02
9.023719759999593304e-01 1.600000000000000033e-02
9.187803992000910247e-01 1.400000000000000029e-02
9.335877036001233309e-01 1.200000000000000025e-02
9.449195285999451022e-01 1.000000000000000021e-02
9.575357723999836645e-01 8.000000000000000167e-03
9.658840046000540802e-01 6.000000000000000125e-03
9.758085586001524758e-01 4.000000000000000083e-03
9.839485859995532602e-01 2.000000000000000042e-03
