0.03 0.0235 1905.323683333333 3656222.951716667 13672845301671.312
0.040624999999999994 0.0235 1912.413090909091 3676877.647109091 13752269369941.115
0.051250000000000004 0.0235 1910.1800333333333 3664060.8370666667 13610056204831.938
0.061875 0.0235 1903.5518999999997 3636324.7997000003 13377764767533.188
0.07250000000000001 0.0235 1892.3284833333337 3593040.489783334 13054522743410.713
0.083125 0.0235 1878.7860818181819 3541312.036718182 12676087959736.553
0.09375000000000001 0.0235 1861.4945499999997 3476628.1664499994 12220557038009.04
0.10437500000000001 0.0235 1842.7570181818182 3408089.705090909 11755189713877.16
0.11500000000000002 0.0235 1824.2029833333333 3340843.514850001 11306878715146.34
0.12562500000000001 0.0235 1801.3871090909088 3260266.5380545454 10792393324682.04
0.13625000000000004 0.0235 1778.9086999999997 3181142.3548333333 10293554216645.605
0.14687500000000003 0.0235 1753.8978363636363 3095647.628981818 9779183405809.332
0.15750000000000003 0.0235 1728.6837166666667 3010393.245683334 9277223912033.043
0.16812500000000002 0.0235 1701.1407090909095 2919908.531690909 8770233843710.301
0.17875000000000005 0.0235 1673.5416 2831024.311166667 8288473392553.12
0.18937500000000004 0.0235 1644.4435 2738634.8973181816 7801432241092.044
