0.03 0.0235 2389.892604651163 5753829.118930233 33886712881131.56
0.040624999999999994 0.0235 2400.9410000000003 5795739.228493332 34178554140209.1
0.051250000000000004 0.0235 2402.175162790698 5794267.116976744 34028771541134.094
0.061875 0.0235 2395.1996799999997 5756330.122773333 33506501699401.445
0.07250000000000001 0.0235 2381.2206744186046 5687665.864906976 32681633181245.49
0.083125 0.0235 2363.947283783784 5604286.234905405 31712333267034.19
0.09375000000000001 0.0235 2342.9741904761904 5506133.281142857 30625562726990.43
0.10437500000000001 0.0235 2319.803027027027 5398720.840486487 29458887199937.61
0.11500000000000002 0.0235 2292.9699761904762 5276758.3508809535 28180675434872.066
0.12562500000000001 0.0235 2264.7037297297297 5150398.461135135 26892286545694.484
0.13625000000000004 0.0235 2235.623121951219 5022136.563317073 25621349710905.62
0.14687500000000003 0.0235 2203.0928285714285 4881605.809714285 24279044432782.13
0.15750000000000003 0.0235 2167.045853658537 4730439.488439024 22901937091181.105
0.16812500000000002 0.0235 2127.4694366197186 4567389.027690141 21466470423655.83
0.17875000000000005 0.0235 2088.047024390244 4409026.045756098 20127323996695.277
0.18937500000000004 0.0235 2048.431027777778 4252687.045916667 18849955855192.176
