0.08 0.02 1939.0780975609753 3805110.7595934956 15012841792973.88
0.08600000000000001 0.02 1905.1573777777778 3678501.9053688883 14092413314853.6
0.09200000000000001 0.02 1864.4645447154471 3532729.610560975 13100093119446.814
0.09800000000000002 0.02 1821.5239918699185 3380485.360642277 12088383081696.93
0.10400000000000002 0.02 1772.7896585365856 3213580.260699187 11040100308933.834
0.11000000000000003 0.02 1723.9606666666666 3051521.6838861792 10074616588087.799
0.11600000000000003 0.02 1673.2024836065577 2886034.4658114747 9120118799897.238
0.12200000000000004 0.02 1615.459631147541 2705807.0135983606 8153144798364.947
0.12800000000000006 0.02 1559.085032520325 2533917.2252113824 7267335847738.263
0.13400000000000006 0.02 1500.1762926829265 2361515.055300813 6437066739341.915
