0.08 0.02 1541.8596764705883 2406919.6901000007 6015278377534.585
0.08600000000000001 0.02 1515.9397115384616 2330548.7714346154 5666873536266.644
0.09200000000000001 0.02 1488.3751722222225 2249995.110816667 5306855822705.737
0.09800000000000002 0.02 1455.6264999999999 2158342.426411111 4924714763011.038
0.10400000000000002 0.02 1420.3742777777775 2062235.7685111111 4541365723739.155
0.11000000000000003 0.02 1385.7596888888888 1969045.0777111114 4178884329582.561
0.11600000000000003 0.02 1346.392333333333 1866937.054988889 3805071581242.228
0.12200000000000004 0.02 1304.9608444444448 1762272.8800555554 3439547276873.596
0.12800000000000006 0.02 1265.6065888888888 1665159.2416555556 3113235808462.745
0.13400000000000006 0.02 1222.4869058823529 1562618.0067411766 2789573182891.8145
