0.001 0.02 1701.839 3067132.1936601936 11140178909481.512
0.006 0.02 1807.8622843137252 3415937.1063823537 13283057135701.85
0.011 0.02 1886.8743398058252 3685464.5498349518 15034028312692.568
0.016 0.02 1953.1110776699027 3916968.656184465 16588622836356.605
0.021 0.02 2004.7639126213594 4099776.957349515 17834410448766.008
0.026000000000000002 0.02 2036.207417475728 4211973.217553398 18600653778751.844
0.031 0.02 2055.156666666667 4280072.367215686 19064787326706.133
0.036000000000000004 0.02 2064.2251470588235 4309609.104421568 19221989487826.816
0.041 0.02 2066.6862745098038 4314655.048784313 19198248648257.203
0.046 0.02 2063.0008725490193 4295494.638303922 18979237343822.05
0.051000000000000004 0.02 2055.6850588235293 4263084.473078431 18668384293039.68
0.056 0.02 2041.7176078431373 4205415.463333333 18167697766810.68
0.061 0.02 2026.165656862745 4141420.4298529415 17618237758912.566
0.066 0.02 2009.7675882352942 4075584.5149411764 17074354895941.305
0.07100000000000001 0.02 1986.6848137254901 3985061.363970588 16357328626549.086
0.076 0.02 1960.9666435643567 3887322.9589207913 15620110309501.2
0.081 0.02 1935.989188118812 3792166.820019802 14902247638115.328
0.08600000000000001 0.02 1905.8725063291138 3680715.9007468354 14103770255219.27
0.091 0.02 1873.6200891089109 3563653.231811881 13289606734917.932
0.096 0.02 1837.5759405940596 3437206.139861387 12460703581135.555
