0.001 0.02 3231.0476318742985 11360315.958428731 166056557306162.25
0.006 0.02 3525.9986845039016 13288399.437837234 214928568543322.7
0.011 0.02 3787.252804469274 15107017.623977654 265787860015017.97
0.016 0.02 4031.8414806629835 16889688.48355801 319170800522209.5
0.021 0.02 4214.764364454443 18289548.703172103 364292567407694.75
0.026000000000000002 0.02 4362.006040268457 19431320.887695752 401818286049842.2
0.031 0.02 4465.159122609674 20248044.96533183 429307643562367.94
0.036000000000000004 0.02 4514.530708661417 20657575.839370083 444006148277688.4
0.041 0.02 4552.17254727475 20928648.576640714 451429845683072.0
0.046 0.02 4551.632959641256 20915721.769820627 450188134952307.44
0.051000000000000004 0.02 4553.520579710144 20903103.131995544 447746608785701.44
0.056 0.02 4527.467583892617 20666654.80722595 437693811383852.6
0.061 0.02 4495.275 20369221.209705885 425006242650034.9
0.066 0.02 4451.569638826185 19980333.765665915 409253699419171.1
0.07100000000000001 0.02 4396.325820224719 19501438.401865166 390700607308267.5
0.076 0.02 4332.661599099099 18962113.129572075 370591790512749.2
0.081 0.02 4256.810262857143 18334326.65017143 348178255783506.8
0.08600000000000001 0.02 4181.218915662651 17711386.287108433 326211160506709.4
0.091 0.02 4074.97925170068 16880748.645827666 299226399293438.94
0.096 0.02 3965.1612142038944 16041119.715899197 273117084079943.38
