0.001 0.02 1401.2962500000003 2066167.89765 4959482881879.176
0.006 0.02 1472.4818999999998 2256096.521575 5720769125104.11
0.011 0.02 1530.7154999999998 2416449.3192249998 6394466155961.378
0.016 0.02 1574.4212625 2538325.3408375005 6913398337964.341
0.021 0.02 1607.0227499999999 2631611.0071250005 7325230123049.389
0.026000000000000002 0.02 1626.3967375 2686248.7989375 7557539704280.401
0.031 0.02 1638.0507374999997 2718147.9463375 7681969953392.921
0.036000000000000004 0.02 1643.5467500000002 2732031.5453500003 7725002699310.06
0.041 0.02 1643.3425875 2728050.5131375003 7675280457844.733
0.046 0.02 1639.7818 2714516.7492749994 7585231295553.55
0.051000000000000004 0.02 1631.1599625 2684883.9303874997 7412307497762.246
0.056 0.02 1621.4688625000001 2653371.8029375006 7240789127853.313
0.061 0.02 1608.1317 2610896.514725 7018894064473.789
0.066 0.02 1592.29835 2560753.4424249995 6760568594502.571
0.07100000000000001 0.02 1577.0115374999996 2513049.8026374998 6520038380498.335
0.076 0.02 1558.0642500000001 2455670.22505 6245633668020.545
0.081 0.02 1537.5799999999997 2394530.4385 5959925042353.365
0.08600000000000001 0.02 1515.9917687500001 2330637.1367687494 5666727546698.058
0.091 0.02 1491.5208249999998 2259801.3689 5353926897129.624
0.096 0.02 1465.1952624999997 2186123.8034625 5047024124931.55
