0.001 0.02 1699.8642678571425 3062315.3977857144 11125940423547.871
0.016 0.02 1953.8243928571426 3918127.6210357137 16581539682272.615
0.031 0.02 2054.079026785714 4275557.744169643 19025834517877.598
0.046 0.02 2063.0584864864863 4295020.552846847 18966673199351.777
0.061 0.02 2026.8783153153154 4144356.863594594 17643007840891.56
0.076 0.02 1961.5986036036036 3890406.9186756755 15649248363320.078
0.091 0.02 1872.0190720720723 3559042.411378378 13271694886670.15
0.106 0.02 1757.0035545454548 3161633.918954545 10733720413939.283
0.121 0.02 1623.884873873874 2731893.382243243 8290679700916.495
0.136 0.02 1478.9571454545458 2301053.238109091 6159692271480.286
