0.001 0.02 1397.9722187500004 2057565.75190625 4926818018813.037
0.016 0.02 1574.4426437500003 2538592.4423187505 6915628092510.348
0.031 0.02 1639.72675625 2723257.6275937497 7707604473771.331
0.046 0.02 1639.68965 2714028.6306 7581259451139.778
0.061 0.02 1608.1264625 2610661.702825 7015747979988.107
0.076 0.02 1557.7283000000002 2454275.881806667 6236500919724.9375
0.091 0.02 1491.3197687500003 2259454.3987687505 5354112082541.709
0.106 0.02 1411.4745466666666 2037489.5975066666 4440086607358.935
0.121 0.02 1314.3857124999997 1785191.844925 3514465247737.023
0.136 0.02 1209.1422312500001 1531235.6963687497 2692158337148.244
