1.000000000000000021e-03 2.000000000000000042e-02 1.699864267857142522e+03 3.062315397785714362e+06 1.112594042354787109e+13
8.500000000000000611e-03 2.000000000000000042e-02 1.845984762499999988e+03 3.544144440912500024e+06 1.409942181074147656e+13
1.600000000000000033e-02 2.000000000000000042e-02 1.953824392857142584e+03 3.918127621035713702e+06 1.658153968227261523e+13
2.350000000000000006e-02 2.000000000000000042e-02 2.016192900000000009e+03 4.141084028924999293e+06 1.812285363088223047e+13
3.099999999999999978e-02 2.000000000000000042e-02 2.054079026785714177e+03 4.275557744169643149e+06 1.902583451787759766e+13
3.849999999999999950e-02 2.000000000000000042e-02 2.067649337662337530e+03 4.320196400688312016e+06 1.926839391658323438e+13
4.599999999999999922e-02 2.000000000000000042e-02 2.063058486486486345e+03 4.295020552846847102e+06 1.896667319935177734e+13
5.349999999999999895e-02 2.000000000000000042e-02 2.048983101265823279e+03 4.234868796265822835e+06 1.841710594325499609e+13
6.099999999999999867e-02 2.000000000000000042e-02 2.026878315315315376e+03 4.144356863594593946e+06 1.764300784089155859e+13
6.850000000000000533e-02 2.000000000000000042e-02 1.997776293333333115e+03 4.029428335013333708e+06 1.671819289431106250e+13
7.599999999999999811e-02 2.000000000000000042e-02 1.961598603603603578e+03 3.890406918675675523e+06 1.564924836332007812e+13
8.349999999999999090e-02 2.000000000000000042e-02 1.920672679487179494e+03 3.736197246499999892e+06 1.450841434501592578e+13
9.099999999999999756e-02 2.000000000000000042e-02 1.872019072072072277e+03 3.559042411378378049e+06 1.327169488667015039e+13
9.850000000000000422e-02 2.000000000000000042e-02 1.817862518987341673e+03 3.368972881582278758e+06 1.202518478291391211e+13
1.059999999999999970e-01 2.000000000000000042e-02 1.757003554545454790e+03 3.161633918954545166e+06 1.073372041393928320e+13
1.134999999999999898e-01 2.000000000000000042e-02 1.696123363636364047e+03 2.959764124090909492e+06 9.535107160646683594e+12
1.209999999999999964e-01 2.000000000000000042e-02 1.623884873873874085e+03 2.731893382243243046e+06 8.290679700916495117e+12
1.285000000000000031e-01 2.000000000000000042e-02 1.555795905405405165e+03 2.523727659527027514e+06 7.214232354057617188e+12
1.360000000000000098e-01 2.000000000000000042e-02 1.478957145454545753e+03 2.301053238109090831e+06 6.159692271480286133e+12
