1.000000000000000021e-03 2.000000000000000042e-02 1.397972218750000366e+03 2.057565751906249905e+06 4.926818018813037109e+12
8.500000000000000611e-03 2.000000000000000042e-02 1.502843854545454406e+03 2.338661036836363841e+06 6.061194348204903320e+12
1.600000000000000033e-02 2.000000000000000042e-02 1.574442643750000343e+03 2.538592442318750545e+06 6.915628092510347656e+12
2.350000000000000006e-02 2.000000000000000042e-02 1.617407863636363800e+03 2.661480655827272683e+06 7.456606705488708984e+12
3.099999999999999978e-02 2.000000000000000042e-02 1.639726756250000108e+03 2.723257627593749668e+06 7.707604473771331055e+12
3.849999999999999950e-02 2.000000000000000042e-02 1.643404863636363189e+03 2.729350554009091109e+06 7.691899240482613281e+12
4.599999999999999922e-02 2.000000000000000042e-02 1.639689650000000029e+03 2.714028630599999800e+06 7.581259451139778320e+12
5.349999999999999895e-02 2.000000000000000042e-02 1.627243091666666487e+03 2.671779522141666617e+06 7.337834013125365234e+12
6.099999999999999867e-02 2.000000000000000042e-02 1.608126462499999889e+03 2.610661702825000044e+06 7.015747979988107422e+12
6.850000000000000533e-02 2.000000000000000042e-02 1.584911890909091198e+03 2.537622391672727186e+06 6.643508149833327148e+12
7.599999999999999811e-02 2.000000000000000042e-02 1.557728300000000218e+03 2.454275881806666963e+06 6.236500919724937500e+12
8.349999999999999090e-02 2.000000000000000042e-02 1.528384927272727282e+03 2.366391711763636675e+06 5.824380243183541016e+12
9.099999999999999756e-02 2.000000000000000042e-02 1.491319768750000321e+03 2.259454398768750485e+06 5.354112082541708984e+12
9.850000000000000422e-02 2.000000000000000042e-02 1.451968290909090911e+03 2.148572937363636680e+06 4.887083417300087891e+12
1.059999999999999970e-01 2.000000000000000042e-02 1.411474546666666583e+03 2.037489597506666556e+06 4.440086607358934570e+12
1.134999999999999898e-01 2.000000000000000042e-02 1.362056163636363863e+03 1.907509253018182237e+06 3.953630760185726074e+12
1.209999999999999964e-01 2.000000000000000042e-02 1.314385712499999727e+03 1.785191844925000099e+06 3.514465247737022949e+12
1.285000000000000031e-01 2.000000000000000042e-02 1.262547336363636532e+03 1.657445804409091128e+06 3.086793818106103027e+12
1.360000000000000098e-01 2.000000000000000042e-02 1.209142231250000123e+03 1.531235696368749719e+06 2.692158337148244141e+12
