0.001 0.02 1701.839 3067132.1936601936 11140178909481.512
0.006 0.02 1807.8743465346533 3415951.9453366334 13282988203712.117
0.011 0.02 1886.8743398058252 3685464.5498349518 15034028312692.568
0.016 0.02 1953.1110776699027 3916968.656184465 16588622836356.605
0.021 0.02 2004.7639126213594 4099776.957349515 17834410448766.008
0.026000000000000002 0.02 2036.207417475728 4211973.217553398 18600653778751.844
0.031 0.02 2055.156666666667 4280072.367215686 19064787326706.133
0.036000000000000004 0.02 2064.2251470588235 4309609.104421568 19221989487826.816
0.041 0.02 2066.6862745098038 4314655.048784313 19198248648257.203
0.046 0.02 2063.0008725490193 4295494.638303922 18979237343822.05
0.051000000000000004 0.02 2055.6850588235293 4263084.473078431 18668384293039.68
0.056 0.02 2041.7176078431373 4205415.463333333 18167697766810.68
0.061 0.02 2026.0152376237622 4140870.5975346537 17614254924701.2
0.066 0.02 2009.768495049505 4075585.091900991 17074386998121.393
0.07100000000000001 0.02 1986.6848137254901 3985061.363970588 16357328626549.086
0.076 0.02 1960.9666435643567 3887322.9589207913 15620110309501.2
0.08 0.02 1939.0780975609753 3805110.7595934956 15012841792973.88
0.081 0.02 1935.989188118812 3792166.820019802 14902247638115.328
0.08600000000000001 0.02 1905.1573777777778 3678501.9053688883 14092413314853.6
0.091 0.02 1873.6200891089109 3563653.231811881 13289606734917.932
0.09200000000000001 0.02 1864.4645447154471 3532729.610560975 13100093119446.814
0.096 0.02 1837.5759405940596 3437206.139861387 12460703581135.555
0.09800000000000002 0.02 1821.5239918699185 3380485.360642277 12088383081696.93
0.10400000000000002 0.02 1772.7896585365856 3213580.260699187 11040100308933.834
0.11000000000000003 0.02 1723.9606666666666 3051521.6838861792 10074616588087.799
0.11600000000000003 0.02 1673.2024836065577 2886034.4658114747 9120118799897.238
0.12200000000000004 0.02 1615.459631147541 2705807.0135983606 8153144798364.947
0.12800000000000006 0.02 1559.085032520325 2533917.2252113824 7267335847738.263
0.13400000000000006 0.02 1500.1762926829265 2361515.055300813 6437066739341.915
