0.001 0.02 1400.7077000000002 2064888.4393571427 4956103148769.206
0.006 0.02 1471.2919142857145 2253426.5515142856 5713796201712.724
0.011 0.02 1530.4143428571426 2415738.4134571427 6392449801873.835
0.016 0.02 1573.7085571428572 2536181.5416142857 6903349600473.102
0.021 0.02 1606.851242857143 2631240.5478428574 7324418687575.327
0.026000000000000002 0.02 1626.917257142857 2687797.6444285717 7564959760885.305
0.031 0.02 1638.6936428571428 2720031.965642857 7690459127523.696
0.036000000000000004 0.02 1643.2843857142861 2731250.5205857144 7721322475397.344
0.041 0.02 1643.2078285714285 2727747.0020285714 7674391851202.407
0.046 0.02 1639.737714285714 2714362.771171429 7584175904168.724
0.051000000000000004 0.02 1631.286285714286 2685298.391371429 7414504801652.293
0.056 0.02 1621.3625285714286 2653087.4951285715 7239933234177.924
0.061 0.02 1608.3686000000002 2611664.658371428 7022568851796.988
0.066 0.02 1592.6437142857144 2561725.090771429 6764677664993.945
0.07100000000000001 0.02 1577.3205857142855 2513928.9437285718 6523831673569.531
0.076 0.02 1558.6044142857145 2457022.590785714 6250037033357.355
0.08 0.02 1541.8596764705883 2406919.6901000007 6015278377534.585
0.081 0.02 1537.2715714285712 2393800.2111714287 5957655980786.977
0.08600000000000001 0.02 1515.9397115384616 2330548.7714346154 5666873536266.644
0.091 0.02 1491.6220000000003 2259898.0762285716 5353370589069.654
0.09200000000000001 0.02 1488.3751722222225 2249995.110816667 5306855822705.737
0.096 0.02 1465.0624857142861 2185762.363685714 5045477175649.68
0.09800000000000002 0.02 1455.6264999999999 2158342.426411111 4924714763011.038
0.10400000000000002 0.02 1420.3742777777775 2062235.7685111111 4541365723739.155
0.11000000000000003 0.02 1385.7596888888888 1969045.0777111114 4178884329582.561
0.11600000000000003 0.02 1346.392333333333 1866937.054988889 3805071581242.228
0.12200000000000004 0.02 1304.9608444444448 1762272.8800555554 3439547276873.596
0.12800000000000006 0.02 1265.6065888888888 1665159.2416555556 3113235808462.745
0.13400000000000006 0.02 1222.4869058823529 1562618.0067411766 2789573182891.8145
