1 1
2 2
3 3
4 4
5 5
6 6
7 7
8 8
9 9
10 10
11 11
12 12
13 13
14 14
15 15
16 16
17 17
18 18
19 19
20 20
21 21
22 22
23 23
24 24
25 25
26 26
27 27
28 28
29 29
30 30
31 31
32 32
33 33
34 34
35 35
36 36
37 37
38 38
39 39
40 40
41 41
42 42
43 43
44 44
45 45
46 46
47 47
48 48
49 49
50 50
51 51
52 52
53 53
54 54
55 55
56 56
57 57
58 58
59 59
60 60
61 61
62 62
63 63
64 64
65 65
66 66
67 67
68 68
69 69
70 70
71 71
72 72
73 73
74 74
75 75
76 76
77 77
78 78
79 79
80 80
81 81
82 82
83 83
84 84
85 85
86 86
87 87
88 88
89 89
90 90
91 91
92 92
93 93
94 94
95 95
96 96
97 97
98 98
99 99
100 100
101 102
102 104
103 106
104 108
105 110
106 112
107 114
108 116
109 118
110 120
111 122
112 124
113 126
114 128
115 130
116 132
117 134
118 136
119 138
120 140
121 142
122 144
123 146
124 148
125 150
126 152
127 154
128 156
129 158
130 160
131 162
132 164
133 166
134 168
135 170
136 172
137 174
138 176
139 178
140 180
141 182
142 184
143 186
144 188
145 190
146 192
147 194
148 196
149 198
150 200
151 203
152 206
153 209
154 212
155 215
156 218
157 221
158 224
159 227
160 230
161 233
162 236
163 239
164 242
165 245
166 248
167 251
168 254
169 257
170 260
171 263
172 266
173 269
174 272
175 275
176 278
177 281
178 284
179 287
180 290
181 293
182 296
183 299
184 302
185 306
186 310
187 314
188 318
189 322
190 326
191 330
192 334
193 338
194 342
195 346
196 350
197 354
198 358
199 362
200 366
201 370
202 374
203 378
204 382
205 386
206 390
207 394
208 398
209 402
210 407
211 412
212 417
213 422
214 427
215 432
216 437
217 442
218 447
219 452
220 457
221 462
222 467
223 472
224 477
225 482
226 487
227 492
228 497
229 502
230 508
231 514
232 520
233 526
234 532
235 538
236 544
237 550
238 556
239 562
240 568
241 574
242 580
243 586
244 592
245 598
246 604
247 611
248 618
249 625
250 632
251 639
252 646
253 653
254 660
255 667
256 674
257 681
258 688
259 695
260 702
261 710
262 718
263 726
264 734
265 742
266 750
267 758
268 766
269 774
270 782
271 790
272 798
273 806
274 815
275 824
276 833
277 842
278 851
279 860
280 869
281 878
282 887
283 896
284 905
285 915
286 925
287 935
288 945
289 955
290 965
291 975
292 985
293 995
294 1005
295 1016
296 1027
297 1038
298 1049
299 1060
300 1071
301 1082
302 1093
303 1104
304 1116
305 1128
306 1140
307 1152
308 1164
309 1176
310 1188
311 1200
312 1213
313 1226
314 1239
315 1252
316 1265
317 1278
318 1291
319 1304
320 1318
321 1332
322 1346
323 1360
324 1374
325 1388
326 1402
327 1417
328 1432
329 1447
330 1462
331 1477
332 1492
333 1507
334 1523
335 1539
336 1555
337 1571
338 1587
339 1603
340 1620
341 1637
342 1654
343 1671
344 1688
345 1705
346 1723
347 1741
348 1759
349 1777
350 1795
351 1813
352 1832
353 1851
354 1870
355 1889
356 1908
357 1928
358 1948
359 1968
360 1988
361 2008
362 2029
363 2050
364 2071
365 2092
366 2113
367 2135
368 2157
369 2179
370 2201
371 2224
372 2247
373 2270
374 2293
375 2316
376 2340
377 2364
378 2388
379 2412
380 2437
381 2462
382 2487
383 2512
384 2538
385 2564
386 2590
387 2616
388 2643
389 2670
390 2697
391 2724
392 2752
393 2780
394 2808
395 2837
396 2866
397 2895
398 2924
399 2954
400 2984
401 3014
402 3045
403 3076
404 3107
405 3139
406 3171
407 3203
408 3236
409 3269
410 3302
411 3336
412 3370
413 3404
414 3439
415 3474
416 3509
417 3545
418 3581
419 3617
420 3654
421 3691
422 3728
423 3766
424 3804
425 3843
426 3882
427 3921
428 3961
429 4001
430 4042
431 4083
432 4124
433 4166
434 4208
435 4251
436 4294
437 4337
438 4381
439 4425
440 4470
441 4515
442 4561
443 4607
444 4654
445 4701
446 4749
447 4797
448 4845
449 4894
450 4943
451 4993
452 5043
453 5094
454 5145
455 5197
456 5249
457 5302
458 5356
459 5410
460 5465
461 5520
462 5576
463 5632
464 5689
465 5746
466 5804
467 5863
468 5922
469 5982
470 6042
471 6103
472 6165
473 6227
474 6290
475 6353
476 6417
477 6482
478 6547
479 6613
480 6680
481 6747
482 6815
483 6884
484 6953
485 7023
486 7094
487 7165
488 7237
489 7310
490 7384
491 7458
492 7533
493 7609
494 7686
495 7763
496 7841
497 7920
498 8000
499 8081
500 8162
501 8244
502 8327
503 8411
504 8496
505 8581
506 8667
507 8754
508 8842
509 8931
510 9021
511 9112
512 9204
513 9297
514 9390
515 9484
516 9579
517 9675
518 9772
519 9870
520 9969
521 10069
522 10170
523 10272
524 10375
525 10479
526 10584
527 10690
528 10797
529 10905
530 11015
531 11126
532 11238
533 11351
534 11465
535 11580
536 11696
537 11813
538 11932
539 12052
540 12173
541 12295
542 12418
543 12543
544 12669
545 12796
546 12924
547 13054
548 13185
549 13317
550 13451
551 13586
552 13722
553 13860
554 13999
555 14139
556 14281
557 14424
558 14569
559 14715
560 14863
561 15012
562 15163
563 15315
564 15469
565 15624
566 15781
567 15939
568 16099
569 16260
570 16423
571 16588
572 16754
573 16922
574 17092
575 17263
576 17436
577 17611
578 17788
579 17966
580 18146
581 18328
582 18512
583 18698
584 18885
585 19074
586 19265
587 19458
588 19653
589 19850
590 20049
591 20250
592 20453
593 20658
594 20865
595 21074
596 21285
597 21498
598 21713
599 21931
600 22151
601 22373
602 22597
603 22823
604 23052
605 23283
606 23516
607 23752
608 23990
609 24230
610 24473
611 24718
612 24966
613 25216
614 25469
615 25724
616 25982
617 26242
618 26505
619 26771
620 27039
621 27310
622 27584
623 27860
624 28139
625 28421
626 28706
627 28994
628 29284
629 29577
630 29873
631 30172
632 30474
633 30779
634 31087
635 31398
636 31712
637 32030
638 32351
639 32675
640 33002
641 33333
642 33667
643 34004
644 34345
645 34689
646 35036
647 35387
648 35741
649 36099
650 36460
651 36825
652 37194
653 37566
654 37942
655 38322
656 38706
657 39094
658 39485
659 39880
660 40279
661 40682
662 41089
663 41500
664 41916
665 42336
666 42760
667 43188
668 43620
669 44057
670 44498
671 44943
672 45393
673 45847
674 46306
675 46770
676 47238
677 47711
678 48189
679 48671
680 49158
681 49650
682 50147
683 50649
684 51156
685 51668
686 52185
687 52707
688 53235
689 53768
690 54306
691 54850
692 55399
693 55953
694 56513
695 57079
696 57650
697 58227
698 58810
699 59399
700 59993
701 60593
702 61199
703 61811
704 62430
705 63055
706 63686
707 64323
708 64967
709 65617
710 66274
711 66937
712 67607
713 68284
714 68967
715 69657
716 70354
717 71058
718 71769
719 72487
720 73212
721 73945
722 74685
723 75432
724 76187
725 76949
726 77719
727 78497
728 79282
729 80075
730 80876
731 81685
732 82502
733 83328
734 84162
735 85004
736 85855
737 86714
738 87582
739 88458
740 89343
741 90237
742 91140
743 92052
744 92973
745 93903
746 94843
747 95792
748 96750
749 97718
750 98696
751 99683
752 100680
753 101687
754 102704
755 103732
756 104770
757 105818
758 106877
759 107946
760 109026
