0.08 0.003 484.5846642857143 234970.72572857141 55344404046.43799
0.08 0.0044 475.0858178571429 225839.46024642859 51120345286.260635
0.08 0.0058 470.04600000000005 221081.9252428572 48995709529.380295
0.08 0.0072 465.3912000000001 216762.4181285714 47127302534.383125
0.08 0.0086 460.4489892857143 212250.12723214287 45231894492.72261
0.08 0.01 454.91006428571427 207292.07555714287 43220691656.62189
0.08 0.0114 448.7732392857143 201899.21497499995 41103386214.21706
0.08 0.0128 442.03165 196114.5058214286 38923577490.204124
0.08 0.0142 434.7607678571429 190012.95726071432 36712589710.71002
0.08 0.0156 427.02985714285705 183690.48703571424 34520039133.80852
0.08 0.017 418.8710214285714 177165.33331428573 32342457712.787968
0.08 0.0184 410.5757 170698.9093714286 30275621247.129223
0.08 0.0198 402.1044714285715 164229.2420142857 28279614296.400127
0.08 0.0212 393.5729 157889.03679285714 26410957453.293346
0.08 0.0226 385.33080714285717 151887.62825 24698617553.01318
0.08 0.024 377.26657499999993 146166.333175 23134161037.596992
0.08 0.0254 369.5693535714285 140801.2458607143 21712868103.59993
0.08 0.0268 362.3613642857142 135855.22486428573 20430752032.04635
0.08 0.0282 355.36843571428574 131147.37569285714 19250631651.338608
0.08 0.0296 348.6480357142857 126689.51400714286 18157433146.24132
