0.08 0.003 271.6499 73882.19730500001 5482017009.159815
0.08 0.0044 266.4580925 71114.5754975 5086076508.461127
0.08 0.0058 263.10315999999995 69365.47647499999 4845369691.408025
0.08 0.0072 260.0902825 67824.8320875 4640663476.663808
0.08 0.0086 256.96900999999997 66268.23579 4442407480.33062
0.08 0.01 253.77117750000002 64697.0746975 4247808678.371807
0.08 0.0114 250.4210175 63083.3901375 4054680941.044177
0.08 0.0128 247.09152750000004 61504.77621749999 3870982798.3018274
0.08 0.0142 243.57166 59869.327000000005 3686996955.99508
0.08 0.0156 240.101885 58287.57339 3514691238.9545403
0.08 0.017 236.73589499999997 56771.69232 3353198057.7636595
0.08 0.0184 233.18600750000002 55215.2546075 3194305782.969688
0.08 0.0198 229.83334 53757.64243999999 3047948592.8774896
0.08 0.0212 226.60552750000002 52378.4691175 2913143930.964978
0.08 0.0226 223.44044000000002 51049.64750500001 2787111586.800205
0.08 0.024 220.36250499999997 49779.35909499999 2669942039.6034546
0.08 0.0254 217.45179 48592.536225 2562473381.2771354
0.08 0.0268 214.72500749999995 47490.0269025 2464259851.102042
0.08 0.0282 211.98850249999998 46399.56265749999 2369047500.233147
0.08 0.0296 209.47825749999996 45415.6333925 2285621719.571742
