0.08 0.003 1094.620884375 1198426.694603125 1437332128775.002
0.08 0.0044 1078.9121812500002 1164242.8541187502 1356350502505.95
0.08 0.0058 1066.1142187500002 1136801.7086125 1293233944188.4353
0.08 0.0072 1053.70951875 1110546.6650312499 1234386603705.1016
0.08 0.0086 1041.2057187500002 1084419.4858875 1177295479718.588
0.08 0.01 1028.0685580645163 1057335.3009258064 1119660381439.3372
0.08 0.0114 1014.2244499999999 1029230.62003125 1061602378801.4745
0.08 0.0128 999.1437406250002 999202.654946875 1001749717486.8444
0.08 0.0142 982.1349258064515 966164.260532258 938765637963.8583
0.08 0.0156 962.6597741935485 929498.458948387 872506599652.0671
0.08 0.017 939.754303125 887776.1043093748 801347820391.1609
0.08 0.0184 913.7378548387096 842121.5932612905 728281100316.7394
0.08 0.0198 885.0037161290322 793641.2848838711 655667808359.9604
0.08 0.0212 854.7133935483872 744350.7301935485 586193040570.7317
0.08 0.0226 823.7475870967742 695818.2795806453 521946728162.7286
0.08 0.024 793.8310548387096 650595.3693064516 465405412640.1131
0.08 0.0254 764.6845677419356 607972.7528580645 415018817831.08514
0.08 0.0268 738.0193612903225 570149.8270774193 372378861763.9264
0.08 0.0282 713.187806451613 535869.884483871 335529735434.61725
0.08 0.0296 690.8782548387097 505842.45604838704 304383058377.27637
