0.08 0.003 2475.591108910891 6128965.275247525 37574363192327.22
0.08 0.0044 2444.07937 5973924.160509999 35697328242545.97
0.08 0.0058 2413.6015445544554 5825915.992356435 33951622479374.215
0.08 0.0072 2383.72534 5682688.07774 32305230662668.29
0.08 0.0086 2353.3390099009903 5538891.988891089 30694514094987.875
0.08 0.01 2321.49649 5390204.162509999 29072733431604.836
0.08 0.0114 2288.24435 5237160.734329999 27450739540213.535
0.08 0.0128 2252.66268 5076004.3337199995 25796063065384.31
0.08 0.0142 2213.16758 4900471.2819799995 24058639361962.516
0.08 0.0156 2167.95231 4704357.3468700005 22204493641615.973
0.08 0.017 2114.5211699999995 4480088.554950001 20206222024185.47
0.08 0.0184 2044.3537575757573 4199811.345939394 17912809764232.844
0.08 0.0198 1955.31265 3862805.2081299997 15400010410538.348
0.08 0.0212 1846.6881000000003 3479047.07124 12847585049684.875
0.08 0.0226 1736.6634 3109199.4776199996 10582946987613.979
0.08 0.024 1622.4069699999998 2749560.02841 8605974791797.796
0.08 0.0254 1527.49401010101 2462872.546494949 7128366362062.204
0.08 0.0268 1434.88106 2199824.67906 5901808558954.282
0.08 0.0282 1356.55886 1985265.6845199997 4956411156310.391
0.08 0.0296 1287.8431313131314 1804573.5126464646 4214579153695.6445
