0.08 0.003 5582.091111111111 31160216.86611111 971018378293298.1
0.08 0.0044 5513.111666666665 30395068.178888883 923941314650503.9
0.08 0.0058 5443.0682857142865 29627826.96828571 877906993284257.1
0.08 0.0072 5374.3163888888885 28884360.744722225 834431413562057.8
0.08 0.0086 5300.462222222222 28096284.07833333 789556609623604.6
0.08 0.01 5224.816666666667 27300440.77444445 745502879405323.0
0.08 0.0114 5143.879722222223 26461829.952499997 700474594297583.0
0.08 0.0128 5060.848285714286 25615347.28714286 656468778440990.9
0.08 0.0142 4967.691428571429 24682021.754285716 609601811636037.0
0.08 0.0156 4866.354444444445 23687598.728333324 561684755909838.0
0.08 0.017 4746.005999999999 22536126.25285714 508896762384202.0
0.08 0.0184 4582.51888888889 21037632.192222223 445405992975932.4
0.08 0.0198 4333.884722222221 18924712.51305556 366681240115023.75
0.08 0.0212 3981.6758333333332 16188328.513611112 278975949637366.12
0.08 0.0226 3573.9747222222218 13307673.136388889 199969116031146.28
0.08 0.024 3211.5547222222217 10950182.631388888 143350583214207.34
0.08 0.0254 2893.086388888889 9044689.162500001 103462888089567.19
0.08 0.0268 2610.0862857142856 7514354.974857144 76293023501908.06
0.08 0.0282 2416.1865714285714 6476234.185999999 58185458466094.18
0.08 0.0296 2201.9466666666667 5458088.4088888895 43658145772242.81
