0.08 0.003 7853.968999999999 61685458.787 3805251139748580.5
0.08 0.0044 7754.028 60125871.56799999 3615341913830219.5
0.08 0.0058 7653.272999999999 58573707.93299999 3431141457195145.0
0.08 0.0072 7554.427 57070866.463 3257425766622827.5
0.08 0.0086 7449.132 55491605.14 3079769963949085.5
0.08 0.01 7341.778 53904089.51 2906164456258213.0
0.08 0.0114 7229.81 52273452.54 2733203149744510.0
0.08 0.0128 7111.74 50581199.002 2559336783343981.5
0.08 0.0142 6975.083999999999 48657392.196 2368627485318189.0
0.08 0.0156 6826.7919999999995 46614061.196 2174528881152608.8
0.08 0.017 6658.097 44346053.991000004 1969338574093957.5
0.08 0.0184 6425.09 41328599.622 1715028448740634.2
0.08 0.0198 6069.049 37048799.731 1398871571528363.5
0.08 0.0212 5481.566999999999 30716830.523 1006919232543153.0
0.08 0.0226 4849.425 24582422.066999998 689116251438489.0
0.08 0.024 4172.597 18691468.445 429922881548440.94
0.08 0.0254 3711.995 15115234.733 303848179108907.5
0.08 0.0268 3287.0619999999994 12080067.812 208297165617438.47
0.08 0.0282 3009.515 10307345.347000001 161369187495843.75
0.08 0.0296 2729.086 8424643.142 106920136549074.69
