0.08 0.003 484.7964285714286 235185.81357142856 55452502554.299286
0.08 0.0044 475.0982142857143 225845.07535714286 51118562877.446785
0.08 0.0058 470.5625 221561.1275 49204192825.531784
0.08 0.0072 465.3014285714286 216669.63714285713 47081716978.64
0.08 0.0086 460.69714285714286 212487.67357142858 45337227370.73214
0.08 0.01 454.9428571428571 207305.10928571428 43216112066.70928
0.08 0.0114 448.59964285714284 201736.36892857144 41037632723.1875
0.08 0.0128 442.45642857142855 196418.955 39008820161.81357
0.08 0.0142 434.77 189977.36642857143 36673091752.445
0.08 0.0156 426.49107142857144 183277.88178571427 34399386866.1175
0.08 0.017 418.75892857142856 177136.10035714286 32355874853.57893
0.08 0.0184 411.21714285714285 171142.18285714285 30391921316.43
0.08 0.0198 400.46035714285716 163079.6325 27976634735.259644
0.08 0.0212 394.43107142857144 158536.50464285715 26599027866.921787
0.08 0.0226 384.7507142857143 151541.38357142857 24629397814.487858
0.08 0.024 376.4192857142857 145729.05857142858 23067485663.802856
0.08 0.0254 369.3667857142857 140515.32678571428 21582177655.88393
0.08 0.0268 361.99785714285713 135608.67642857143 20355907449.169285
0.08 0.0282 353.14178571428573 129468.45535714286 18756684190.205357
0.08 0.0296 349.9114285714286 127423.68571428572 18288383219.44857
