0.08 0.003 271.56825 73835.66275 5474881718.73775
0.08 0.0044 266.60325 71182.67675 5093999689.11575
0.08 0.0058 262.8095 69203.4935 4821425232.1955
0.08 0.0072 260.07225 67814.35125 4638963262.49925
0.08 0.0086 256.382 66012.61150000001 4415842691.4535
0.08 0.01 253.7195 64695.4775 4250241962.4725
0.08 0.0114 250.55775 63169.71725 4068429699.66425
0.08 0.0128 247.0825 61497.5045 3869584813.3025
0.08 0.0142 243.0475 59628.964 3660497805.982
0.08 0.0156 240.94725 58655.71625 3552827337.29825
0.08 0.017 236.64125 56744.11025 3351555597.75125
0.08 0.0184 232.509 54961.7475 3174928151.9325
0.08 0.0198 229.62025 53693.78275 3046613806.38475
0.08 0.0212 226.469 52335.6635 2911362317.7125
0.08 0.0226 223.6485 51120.784 2790985078.45
0.08 0.024 219.924 49617.089 2658330818.762
0.08 0.0254 217.6335 48666.9365 2568279712.4345
0.08 0.0268 215.30275 47748.59575 2491125819.06775
0.08 0.0282 212.3615 46540.727 2380254985.49
0.08 0.0296 209.18625 45254.03675 2266420861.29875
