0.08 0.003 1093.67875 1196354.73 1432324237310.6812
0.08 0.0044 1077.4828125 1161138.0834375 1349023445753.3633
0.08 0.0058 1065.3925 1135250.514375 1289649866741.8894
0.08 0.0072 1053.6590625 1110433.8034375 1234108278361.526
0.08 0.0086 1041.1546875 1084306.6465625 1177026996422.4229
0.08 0.01 1027.8890322580646 1056939.8761290323 1118731331875.058
0.08 0.0114 1014.5528125 1029894.1809375 1062957076058.7759
0.08 0.0128 999.5909375 999984.8321875 1003064844795.146
0.08 0.0142 981.5329032258064 965194.6161290322 937439561972.0652
0.08 0.0156 962.5203225806451 929017.0029032258 871066044859.6919
0.08 0.017 941.0084375 889825.4996875 804258867728.6809
0.08 0.0184 914.7512903225806 843947.1590322581 731240330326.6868
0.08 0.0198 886.038064516129 795012.4612903226 656523349871.2806
0.08 0.0212 852.9677419354839 741781.9432258065 582900557827.9316
0.08 0.0226 826.3283870967742 699796.030967742 526740669144.97675
0.08 0.024 793.678064516129 650450.8580645161 465365987826.2877
0.08 0.0254 767.6109677419355 612146.5096774193 419350652206.85547
0.08 0.0268 737.221935483871 569483.0090322581 372290999574.0658
0.08 0.0282 706.4077419354838 526620.1941935484 326267874072.2058
0.08 0.0296 694.9574193548387 511596.48387096776 310805832182.79486
