0.08 0.003 2474.925 6125636.169 37532796279536.83
0.08 0.0044 2440.8848484848486 5958263.14949495 35509099631508.67
0.08 0.0058 2411.152 5814046.676 33812259538891.805
0.08 0.0072 2382.0575757575757 5674640.968686868 32211588041720.203
0.08 0.0086 2351.376 5529636.328 30591609933810.496
0.08 0.01 2320.5 5385539.150505049 29021625900666.145
0.08 0.0114 2286.5252525252527 5229266.717171717 27367422850408.22
0.08 0.0128 2251.9656565656564 5072915.414141414 25765272556386.48
0.08 0.0142 2211.6070707070708 4893186.453535354 23981530630566.297
0.08 0.0156 2168.5040404040406 4706320.229292929 22218473671878.21
0.08 0.017 2111.6717171717173 4467389.491919192 20084961862114.402
0.08 0.0184 2043.2897959183674 4194492.9469387755 17858233677403.977
0.08 0.0198 1958.8909090909092 3881993.280808081 15584905294989.568
0.08 0.0212 1843.9838383838385 3465838.4424242424 12731031185647.316
0.08 0.0226 1740.9676767676767 3127351.402020202 10723087985873.936
0.08 0.024 1626.7878787878788 2766942.57979798 8712860786846.762
0.08 0.0254 1527.0244897959185 2461973.506122449 7121825377356.987
0.08 0.0268 1441.3747474747474 2218132.611111111 5981904738179.969
0.08 0.0282 1350.1676767676768 1967824.2787878788 4876218064293.019
0.08 0.0296 1291.295918367347 1813509.606122449 4254853059425.4185
