0.08 0.003 1951.756 3809679.2666666666 14518651523582.377
0.08 0.0044 1925.5293333333334 3707916.7186666667 13752400942792.816
0.08 0.0058 1902.4946666666667 3619809.78 13107699992389.852
0.08 0.0072 1879.2333333333333 3531911.864 12479953774123.645
0.08 0.0086 1856.5973333333334 3447477.3066666666 11892277605486.9
0.08 0.01 1831.8746666666666 3356432.762666667 11274556060641.2
0.08 0.0114 1803.9633333333334 3255092.0726666665 10606071911452.97
0.08 0.0128 1776.4107142857142 3156793.047857143 9979790401779.982
0.08 0.0142 1746.1226666666666 3050748.506666667 9328396456461.732
0.08 0.0156 1709.026 2925004.736666667 8598195270231.267
0.08 0.017 1666.422 2785110.226 7833141984980.347
0.08 0.0184 1619.7 2637291.6853333334 7073580383312.64
0.08 0.0198 1554.6293333333333 2442997.8266666667 6169941491631.864
0.08 0.0212 1480.9386666666667 2232400.473333333 5258780284541.585
0.08 0.0226 1406.0406666666668 2030946.318 4470577395366.87
0.08 0.024 1339.1733333333334 1860393.4226666666 3864788562407.567
0.08 0.0254 1263.53 1672806.0193333332 3217233272251.267
0.08 0.0268 1184.536 1488655.868 2643441099778.196
0.08 0.0282 1143.2821428571428 1392741.905 2354285071866.7935
0.08 0.0296 1081.5966666666666 1265197.9286666666 2023461843553.2966
