0.08 0.003 5537.0 30658369.0 939935589740161.0
0.08 0.0044 5544.0 30735936.0 944697761796096.0
0.08 0.0058 5459.0 29800681.0 888080588063761.0
0.08 0.0072 5365.0 28783225.0 828474041400625.0
0.08 0.0086 5262.0 27688644.0 766661006558736.0
0.08 0.01 5220.0 27248400.0 742475302560000.0
0.08 0.0114 5119.0 26204161.0 686658053713921.0
0.08 0.0128 5089.0 25897921.0 670702312122241.0
0.08 0.0142 5074.0 25745476.0 662829534466576.0
0.08 0.0156 4922.0 24226084.0 586903145975056.0
0.08 0.017 4730.0 22372900.0 500546654410000.0
0.08 0.0184 4533.0 20548089.0 422223961551921.0
0.08 0.0198 4446.0 19766916.0 390730968151056.0
0.08 0.0212 4411.0 19456921.0 378571774800241.0
0.08 0.0226 2957.0 8743849.0 76454895334801.0
0.08 0.024 3946.0 15570916.0 242453425079056.0
0.08 0.0254 1437.0 2064969.0 4264096970961.0
0.08 0.0268 1830.0 3348900.0 11215131210000.0
0.08 0.0282 1588.0 2521744.0 6359192801536.0
0.08 0.0296 3294.0 10850436.0 117731961390096.0
