2.349999999999999867e-01 5.000000000000000104e-03 1.822303433333333487e+03 3.322319892216666136e+06 1.105800221223272461e+13
2.349999999999999867e-01 6.250000000000000347e-03 1.785371884615384943e+03 3.189061058223076630e+06 1.018926720205081641e+13
2.349999999999999867e-01 7.499999999999999722e-03 1.752633541666666588e+03 3.073241770475000143e+06 9.463380482608142578e+12
2.349999999999999867e-01 8.750000000000000833e-03 1.713418454545454551e+03 2.937441849618181586e+06 8.647731276757388672e+12
2.349999999999999867e-01 9.999999999999998473e-03 1.672490890909090922e+03 2.799059774018181954e+06 7.855123801284575195e+12
2.349999999999999867e-01 1.125000000000000132e-02 1.624153700000000299e+03 2.640017478860000614e+06 6.991975828559380859e+12
2.349999999999999867e-01 1.249999999999999896e-02 1.576937563636363848e+03 2.489533829963636119e+06 6.224923983574485352e+12
2.349999999999999867e-01 1.375000000000000180e-02 1.527047392857142768e+03 2.336040899992857128e+06 5.493935983437518555e+12
2.349999999999999867e-01 1.499999999999999944e-02 1.472861818181817853e+03 2.176419161181817763e+06 4.792125423480150391e+12
2.349999999999999867e-01 1.625000000000000056e-02 1.411502955555555445e+03 2.005532549488888588e+06 4.111454718697316895e+12
2.349999999999999867e-01 1.749999999999999820e-02 1.338665181818181964e+03 1.815698810400000308e+06 3.436397178563492676e+12
2.349999999999999867e-01 1.875000000000000278e-02 1.252125375000000076e+03 1.606035812625000253e+06 2.777044164082555176e+12
2.349999999999999867e-01 1.999999999999999695e-02 1.159974300000000085e+03 1.398259657900000224e+06 2.196073055979365723e+12
2.349999999999999867e-01 2.125000000000000500e-02 1.071227144444444320e+03 1.211039587077777600e+06 1.726221553208047607e+12
2.349999999999999867e-01 2.249999999999999917e-02 9.939584916666667596e+02 1.058131462425000034e+06 1.378921094411096191e+12
2.349999999999999867e-01 2.375000000000000028e-02 9.247116999999999507e+02 9.276619933444443159e+05 1.105067778499891602e+12
2.349999999999999867e-01 2.499999999999999792e-02 8.690639636363636100e+02 8.281829645272728521e+05 9.134102231293149414e+11
