0.08 0.003 2490.0805322580645 6200953.136919357 38463026598567.66
0.08 0.0044 2459.0985322580646 6047494.924370969 36580164116285.76
0.08 0.0058 2434.1305737704915 5925332.554049181 35117635771026.51
0.08 0.0072 2409.9223548387095 5808123.165709678 33743510990252.836
0.08 0.0086 2385.645233333333 5691790.205733334 32407538645737.816
0.08 0.01 2360.2186774193556 5571221.426580646 31051605800588.363
0.08 0.0114 2333.7796393442623 5447252.115409834 29688291168341.08
0.08 0.0128 2306.3615483870967 5320201.327935484 28323564572371.23
0.08 0.0142 2277.443344262295 5187899.672557376 26938014479824.555
0.08 0.0156 2246.9706721311477 5050354.449688525 25535608523368.73
0.08 0.017 2213.947426229508 4903564.080967214 24083468216355.07
0.08 0.0184 2176.4900819672134 4740454.475032788 22531377582028.105
0.08 0.0198 2133.711918032787 4559111.812213114 20887847395501.1
0.08 0.0212 2079.9322333333334 4339855.358966667 19030333495156.99
0.08 0.0226 2012.9105245901637 4078504.406754098 16980921183161.502
0.08 0.024 1931.0486721311477 3775394.9029999995 14800306232558.545
0.08 0.0254 1836.781098360656 3444654.4752622945 12624568780597.664
0.08 0.0268 1737.328049180328 3111887.556016394 10602953162893.543
0.08 0.0282 1638.5271803278688 2797795.9600655735 8848370735725.59
0.08 0.0296 1546.4111967213114 2519580.8493934427 7416124898236.553
