2.349999999999999867e-01 5.000000000000000104e-03 2.314612688311688089e+03 5.359332179207792506e+06 2.876291601612797656e+13
2.349999999999999867e-01 6.250000000000000347e-03 2.270524772727272648e+03 5.157134756984847598e+06 2.663404495220914844e+13
2.349999999999999867e-01 7.499999999999999722e-03 2.226163435897436102e+03 4.957704929256410338e+06 2.461635002017400391e+13
2.349999999999999867e-01 8.750000000000000833e-03 2.177599929411764606e+03 4.743979594988235272e+06 2.254385304366557422e+13
2.349999999999999867e-01 9.999999999999998473e-03 2.128025565789473603e+03 4.530803861460526474e+06 2.056981888153986719e+13
2.349999999999999867e-01 1.125000000000000132e-02 2.071778663366336332e+03 4.294937083415841684e+06 1.849201078925301562e+13
2.349999999999999867e-01 1.249999999999999896e-02 2.009034246575342877e+03 4.039602611945205368e+06 1.637207588785228320e+13
2.349999999999999867e-01 1.375000000000000180e-02 1.939822169230769305e+03 3.767775780630768742e+06 1.426674260062853320e+13
2.349999999999999867e-01 1.499999999999999944e-02 1.871559693333332916e+03 3.510355618413333315e+06 1.242183494771804492e+13
2.349999999999999867e-01 1.625000000000000056e-02 1.794404968253968491e+03 3.234066386492063291e+06 1.061900869445972070e+13
2.349999999999999867e-01 1.749999999999999820e-02 1.697609065789473789e+03 2.911819585697369184e+06 8.764165396289883789e+12
2.349999999999999867e-01 1.875000000000000278e-02 1.576626828124999975e+03 2.541080757421874907e+06 6.907379198222990234e+12
2.349999999999999867e-01 1.999999999999999695e-02 1.445433909090909083e+03 2.169741807597402483e+06 5.278934591736259766e+12
2.349999999999999867e-01 2.125000000000000500e-02 1.314042457142857302e+03 1.826201123428571504e+06 3.952896238339414551e+12
2.349999999999999867e-01 2.249999999999999917e-02 1.202222826666666833e+03 1.554529284426666796e+06 3.019073698071002441e+12
2.349999999999999867e-01 2.375000000000000028e-02 1.105357793650793610e+03 1.335534276587301632e+06 2.348833685532842285e+12
2.349999999999999867e-01 2.499999999999999792e-02 1.031173410256410307e+03 1.174192846461538458e+06 1.882693691318014648e+12
