0.0275 0.005 7911.091427203065 62585966.272557475 3917152977885837.0
0.0275 0.00625 7852.903413120568 61668904.50500886 3803254043174437.5
0.0275 0.0075 7792.509950980392 60724296.82249999 3687703608667051.0
0.0275 0.00875 7728.8454385964915 59736475.53236842 3568786249401397.5
0.0275 0.009999999999999998 7660.657098765431 58687645.75596707 3444703327291452.5
0.0275 0.011250000000000001 7585.828012048193 57547523.78172692 3312345542202809.0
0.0275 0.012499999999999999 7504.690185185184 56324321.37138888 3173313735565779.0
0.0275 0.013750000000000002 7410.624901960784 54923679.975490205 3017986406722081.0
0.0275 0.015 7301.216617647059 53318982.622892156 2845253369277141.5
0.0275 0.01625 7172.104938271605 51462463.4590535 2652853003860470.0
0.0275 0.017499999999999998 6993.882218992248 48978340.53270349 2409755738805188.5
0.0275 0.018750000000000003 6748.777035984849 45725358.916240536 2117444570340589.8
0.0275 0.019999999999999997 6372.7018800813 41073389.9214939 1746182491957740.0
0.0275 0.021250000000000005 5936.019460227272 36069776.70733902 1394128131295464.5
0.0275 0.0225 5483.794176706827 31201114.328413654 1085527172162610.1
0.0275 0.02375 5061.967974806201 26991789.302761625 849434372301699.6
0.0275 0.024999999999999998 4685.496551724138 23458240.320402298 669782587333100.2
