0.0275 0.005 1973.0778909090907 3893210.3582545454 15159786572210.87
0.0275 0.00625 1959.6405 3840425.3623727267 14752450910101.293
0.0275 0.0075 1945.6316399999998 3785802.52672 14337111270287.648
0.0275 0.00875 1930.2458299999998 3726289.61891 13891715415251.3
0.0275 0.009999999999999998 1913.538709090909 3662269.157818182 13421367441501.865
0.0275 0.011250000000000001 1895.8295909090912 3595125.2844090913 12938027430575.42
0.0275 0.012499999999999999 1875.6102727272728 3519526.6818909096 12407688388150.418
0.0275 0.013750000000000002 1853.3347300000003 3437423.137909999 11847308104123.4
0.0275 0.015 1826.1301600000004 3339783.72842 11210311573073.885
0.0275 0.01625 1794.7199714285714 3229490.9250428583 10518579092468.84
0.0275 0.017499999999999998 1756.67889 3099965.86893 9748139708223.426
0.0275 0.018750000000000003 1713.63095 2958596.046033333 8957103748397.195
0.0275 0.019999999999999997 1664.1850100000001 2801684.26507 8127948098461.349
0.0275 0.021250000000000005 1612.5194727272728 2642825.924363636 7332826826903.277
0.0275 0.0225 1558.14951 2481351.03007 6570308267060.238
0.0275 0.02375 1505.5258000000001 2330413.8911 5896279663059.298
0.0275 0.024999999999999998 1453.4340100000004 2186146.5528900004 5288192696638.839
