0.0275 0.005 5629.4144166666665 31690749.776750002 1004359746683922.4
0.0275 0.00625 5588.797534013605 31235252.385289114 975715197084469.8
0.0275 0.0075 5545.895506535948 30757757.251879085 946137939252177.1
0.0275 0.00875 5499.8192500000005 30249097.881750003 915139025078643.8
0.0275 0.009999999999999998 5451.980615942029 29725530.089311592 883777551591117.8
0.0275 0.011250000000000001 5399.128240740742 29152661.757407412 850118396521682.4
0.0275 0.012499999999999999 5340.24475 28521115.716083337 813782807556641.9
0.0275 0.013750000000000002 5275.781761006289 27838642.365408804 775513083301718.0
0.0275 0.015 5197.8890625 27026639.296354167 731324177209107.2
0.0275 0.01625 5104.866583333333 26080239.372916672 682096512323761.9
0.0275 0.017499999999999998 4983.647333333333 24879423.088666666 622645893653515.4
0.0275 0.018750000000000003 4812.602721088436 23278287.889795918 550569215235245.75
0.0275 0.019999999999999997 4598.473333333333 21375131.319 472035181209802.0
0.0275 0.021250000000000005 4322.475085034014 19067917.7875 386410425316491.75
0.0275 0.0225 4063.162166666667 17049329.724 319613132340543.8
0.0275 0.02375 3798.95475 15084257.009083334 259336932516935.0
0.0275 0.024999999999999998 3551.538286163522 13356504.603852203 211300231297087.97
