0.0275 0.005 2498.9534411764707 6244979.74317647 39005041909254.94
0.0275 0.00625 2481.6076714285714 6158664.914157144 37936232017391.32
0.0275 0.0075 2463.274057142857 6068103.272028571 36831159076198.73
0.0275 0.00875 2443.9307848101266 5973326.806481015 35693185324987.53
0.0275 0.009999999999999998 2422.8419 5870919.770242857 34485177813496.82
0.0275 0.011250000000000001 2399.5751470588234 5759110.298352941 33192880326721.12
0.0275 0.012499999999999999 2374.748225352113 5641181.033915493 31860506569463.727
0.0275 0.013750000000000002 2345.361092307692 5503627.841092307 30349045143270.82
0.0275 0.015 2312.7363333333333 5354191.746424242 28768418651844.05
0.0275 0.01625 2271.1891555555553 5168944.431066666 26899429788969.0
0.0275 0.017499999999999998 2219.497542857143 4946436.746685714 24786129418126.7
0.0275 0.018750000000000003 2162.90775 4710373.819718751 22663117189166.613
0.0275 0.019999999999999997 2093.3032318840583 4430347.380304348 20296115413051.824
0.0275 0.021250000000000005 2020.467 4150896.1513611106 18111243503077.21
0.0275 0.0225 1938.8341142857141 3849072.7086285716 15892039043869.898
0.0275 0.02375 1861.5296712328768 3573000.1723013707 13978229832961.994
0.0275 0.024999999999999998 1791.2292352941176 3332206.1704705874 12410466420935.682
