0.015 1012.0339720582609
0.01588235294117647 1000.1331559021892
0.016764705882352942 987.5879529514318
0.01764705882352941 973.4689453279208
0.01852941176470588 959.3277051073203
0.01941176470588235 944.3844004887611
0.020294117647058824 928.8717439925807
0.021176470588235293 913.3338346463166
0.022058823529411763 897.4311928219009
0.022941176470588236 881.5949878959714
0.023823529411764705 866.3497052087469
0.024705882352941175 850.7722623223435
0.025588235294117648 837.3783375716093
0.026470588235294114 822.0760538482008
0.027352941176470587 808.479148287829
0.028235294117647056 795.6182707429053
0.029117647058823526 783.0883056823533
0.03 769.9578401195653
