72 0.04 0.001 1461.6496183206107 2141373.30610687 4623986462567.596
72 0.04 0.0025 1430.2404580152672 2046251.0557251908 4192616160242.2344
72 0.04 0.004 1396.4276923076923 1950521.4523076923 3808518490766.3784
72 0.04 0.0055000000000000005 1359.0223076923078 1847470.8776923076 3417049147584.8345
72 0.04 0.007 1321.3646153846155 1746712.1584615384 3055910839983.9
72 0.04 0.0085 1278.713953488372 1636044.3837209302 2682634370730.979
72 0.04 0.010000000000000002 1234.27 1524790.4976923077 2333126562579.999
72 0.04 0.0115 1182.7015748031497 1401366.890551181 1976916656837.1804
72 0.04 0.013000000000000001 1120.0968253968254 1258881.7492063493 1603845588589.5112
72 0.04 0.014499999999999999 1038.8527131782946 1087332.0620155039 1212660159352.4807
72 0.04 0.016 918.4806201550388 862260.719379845 796003962674.1055
72 0.04 0.0175 770.6674418604651 624722.9294573644 454121593503.18994
72 0.04 0.019000000000000003 624.8515625 425466.065625 235533741819.80624
72 0.04 0.0205 471.70852713178294 252308.57364341084 95019291787.73643
72 0.04 0.022000000000000002 375.40551181102364 161283.9031496063 41527526491.276375
72 0.04 0.0235 309.99296875 111705.17890625 21109737406.922657
72 0.04 0.025 262.25426356589145 79216.62015503876 10735158403.857365
72 0.04 0.026500000000000003 227.6062015503876 59552.64651162791 6067728500.497674
72 0.04 0.028 201.268992248062 46835.713953488375 3886366764.5976744
72 0.04 0.029500000000000002 185.9581395348837 39248.06976744186 2569843499.4
