48 0.04 0.001 671.9422222222222 451530.11555555556 203922258340.03555
48 0.04 0.0025 611.8911111111111 374741.2911111111 140925199818.62445
48 0.04 0.004 602.5911111111111 363504.3155555556 132667112908.9289
48 0.04 0.0055000000000000005 588.66 346902.5311111111 120832680640.42444
48 0.04 0.007 572.7813953488372 328635.8976744186 108678175917.53488
48 0.04 0.0085 553.98 307718.5088888889 95611180473.12222
48 0.04 0.010000000000000002 531.2733333333333 283984.53555555554 82197403860.69556
48 0.04 0.0115 503.69555555555553 256419.54888888888 67982979768.02889
48 0.04 0.013000000000000001 466.23333333333335 221307.67333333334 51751220678.526665
48 0.04 0.014499999999999999 428.73555555555555 189655.98444444445 39483660640.65111
48 0.04 0.016 379.7311111111111 151593.25555555554 26675708545.36222
48 0.04 0.0175 333.24888888888887 118657.87555555555 17193816141.288887
48 0.04 0.019000000000000003 279.4222222222222 85158.15555555555 9580710685.40889
48 0.04 0.0205 239.3 64133.50454545455 5928874451.013637
48 0.04 0.022000000000000002 205.93863636363636 48605.26136363636 3732286139.806818
48 0.04 0.0235 181.01136363636363 38099.906818181815 2469743083.8704543
48 0.04 0.025 167.9409090909091 32865.95909090909 1844028361.9136364
48 0.04 0.026500000000000003 151.02045454545456 26577.465909090908 1225632356.293182
48 0.04 0.028 133.6909090909091 20511.113636363636 704912217.8772727
48 0.04 0.029500000000000002 130.75454545454545 19361.23181818182 600751710.5681819
