32 0.04 0.001 288.83142857142855 84037.82857142857 7204666063.948571
32 0.04 0.0025 251.27333333333334 64026.306666666664 4290827811.346667
32 0.04 0.004 249.56571428571428 62780.46571428572 4048841395.3
32 0.04 0.0055000000000000005 243.185 59786.78166666667 3700433715.9016666
32 0.04 0.007 236.15166666666667 56591.528333333335 3348877486.8483334
32 0.04 0.0085 229.34 53383.22666666667 2986549490.0466666
32 0.04 0.010000000000000002 211.28333333333333 45942.64666666667 2308289992.1066666
32 0.04 0.0115 204.19 43094.46 2053323036.5
32 0.04 0.013000000000000001 187.04666666666665 36678.863333333335 1553550109.4033334
32 0.04 0.014499999999999999 173.15333333333334 31690.4 1192181658.14
32 0.04 0.016 160.6 27864.47333333333 981654038.3533334
32 0.04 0.0175 145.12833333333333 23093.725 707654413.965
32 0.04 0.019000000000000003 134.0 19827.396666666667 535815680.43666667
32 0.04 0.0205 124.92333333333333 17391.516666666666 429068785.75666666
32 0.04 0.022000000000000002 112.04833333333333 14136.648333333333 294030902.2083333
32 0.04 0.0235 104.21833333333333 12363.128333333334 235937401.60833332
32 0.04 0.025 95.37333333333333 10362.936666666666 168940014.17666668
32 0.04 0.026500000000000003 90.89333333333333 9506.833333333334 147955238.19333333
32 0.04 0.028 84.14 8110.34 106650007.26
32 0.04 0.029500000000000002 83.33571428571429 8085.3271428571425 110684638.11571428
