64 0.04 0.001 1165.3916666666667 1361919.1727777778 1872510508252.3193
64 0.04 0.0025 1121.3186813186812 1257954.1274725276 1585474143900.5166
64 0.04 0.004 1094.5795580110498 1198526.793922652 1438458833824.909
64 0.04 0.0055000000000000005 1068.4727777777778 1142049.5627777777 1306162601343.756
64 0.04 0.007 1037.6408839779006 1077370.1303867404 1163456944202.095
64 0.04 0.0085 1004.7122905027933 1010232.012849162 1023700908115.3068
64 0.04 0.010000000000000002 967.7040462427746 937879.1121387284 884517229233.8937
64 0.04 0.0115 925.8193370165745 859589.7044198895 746380121218.4248
64 0.04 0.013000000000000001 876.3536312849162 772137.6888268157 607240009462.5134
64 0.04 0.014499999999999999 800.9238888888889 650783.1672222222 442835148116.28723
64 0.04 0.016 718.330459770115 529851.9327586207 304643763366.88446
64 0.04 0.0175 605.5128491620112 387800.44245810056 177856100562.85364
64 0.04 0.019000000000000003 489.05393258426966 262607.902247191 91663548427.93146
64 0.04 0.0205 386.6491620111732 168833.6905027933 42234295064.75419
64 0.04 0.022000000000000002 316.2601123595506 114607.2488764045 20929153421.17247
64 0.04 0.0235 268.3898305084746 82962.06214689265 11402244315.757063
64 0.04 0.025 231.03966480446928 61445.49441340782 6361460173.224022
64 0.04 0.026500000000000003 200.82234636871507 46357.357541899444 3651598936.649162
64 0.04 0.028 181.11073446327683 37713.35028248587 2418906633.079096
64 0.04 0.029500000000000002 166.29044943820224 31383.57359550562 1600753277.602809
