0.03 0.0235 1369.013433070866 1993487.2617322837 4778769138102.349
0.040624999999999994 0.0235 1460.8769292929296 2234137.995151515 5717176695093.637
0.051250000000000004 0.0235 1510.1250158730159 2363601.6733174603 6213538760072.015
0.061875 0.0235 1531.1195959595962 2416283.4612727277 6385738690335.246
0.07250000000000001 0.0235 1529.8039024390246 2404063.407300813 6261130031898.161
0.083125 0.0235 1510.2515408163267 2341130.8236224498 5925257651826.718
0.09375000000000001 0.0235 1479.4695241935488 2247419.8246209677 5467011174893.713
0.10437500000000001 0.0235 1434.8236082474227 2119034.723896907 4897669061661.468
0.11500000000000002 0.0235 1383.3226363636363 1976960.9570330577 4310347765164.085
0.12562500000000001 0.0235 1328.1583225806453 1830185.5658709677 3741326654967.148
0.13625000000000004 0.0235 1262.3998897637796 1663365.9054803147 3149008561004.21
0.14687500000000003 0.0235 1193.5836393442623 1497162.0219344262 2604490223001.4097
0.15750000000000003 0.0235 1112.1289193548387 1312637.7831774193 2065827058443.866
0.16812500000000002 0.0235 1029.6067704918032 1137664.598344262 1607968091837.2222
0.17875000000000005 0.0235 947.0284188034187 972956.6722991455 1219480057669.3154
0.18937500000000004 0.0235 867.1229672131146 825361.1284426231 913951761906.7789
