0.03 0.0235 1119.1934684210526 1325730.4509421054 2081818331085.933
0.040624999999999994 0.0235 1178.802711111111 1451230.5034888887 2396327690388.449
0.051250000000000004 0.0235 1206.67064 1509203.7731400002 2533124103205.6875
0.061875 0.0235 1216.6937000000003 1526834.8490333334 2555233937248.878
0.07250000000000001 0.0235 1210.770910526316 1508241.4938894736 2475982840121.052
0.083125 0.0235 1193.9613666666667 1465651.0678555553 2334780575822.0527
0.09375000000000001 0.0235 1168.6539315789478 1405556.4355631575 2153100345492.8862
0.10437500000000001 0.0235 1135.126866666667 1329533.7499777777 1941746644381.7747
0.11500000000000002 0.0235 1096.7291699999998 1244691.14671 1717274502470.163
0.12562500000000001 0.0235 1054.0781222222222 1154457.2597 1496300170425.2102
0.13625000000000004 0.0235 1003.0504555555553 1051754.8829111112 1265237365255.6516
0.14687500000000003 0.0235 948.2895666666665 946768.4102333332 1048264356572.8882
0.15750000000000003 0.0235 890.9673277777779 843298.8197055556 855398431359.8717
0.16812500000000002 0.0235 833.1552111111109 744127.8387666668 685830332747.3905
0.17875000000000005 0.0235 771.8030263157895 645174.4779 533273571407.97217
0.18937500000000004 0.0235 713.0825444444445 556600.9003666666 411482982807.5387
