0.016 0.0 2565.6610000000005 6609895.376999999 44125571804853.56
0.031 0.0 2587.1290000000004 6693245.489000001 44799776442760.914
0.046 0.0 2585.7299999999996 6686006.378999999 44702861637394.29
0.061 0.0 2581.944 6666459.230000001 44442327671114.68
0.076 0.0 2579.4429999999998 6653562.544 44270858130960.33
0.091 0.0 2576.321 6637483.576 44057607313979.61
0.106 0.0 2575.8795 6635173.710500001 44026021238400.83
0.121 0.0 2573.616 6623521.837 43871637942423.76
0.136 0.0 2569.703 6603417.014999999 43606260122583.77
0.151 0.0 2567.0545 6589798.3565 43426220943061.68
0.16599999999999998 0.0 2565.0570000000002 6579553.304 43291465684492.88
0.181 0.0 2557.6270000000004 6541585.703000001 42795707539168.63
0.196 0.0 2555.8160000000003 6532303.6000000015 42673797490736.85
0.211 0.0 2553.0229999999997 6517975.781 42485293566052.19
0.22599999999999998 0.0 2549.625 6500646.033 42259916576589.05
0.241 0.0 2545.0845 6477525.0595 41960141893250.35
0.256 0.0 2542.4984999999997 6464384.488499999 41790487125051.305
0.271 0.0 2536.0389999999998 6431567.966 41366972979717.266
0.286 0.0 2526.281 6382414.232000002 40743254463981.97
