0.016 0.0 2043.861875 4178894.491291666 17478731433459.555
0.031 0.0 2040.8954666666668 4167847.037483333 17396943877350.625
0.046 0.0 2041.022475 4166410.5714249993 17365637643994.398
0.061 0.0 2039.2810583333337 4159130.440641666 17302987625994.822
0.076 0.0 2036.8959 4149446.244216667 17222953417338.045
0.091 0.0 2034.6983000000005 4140487.6240166663 17148579858003.062
0.106 0.0 2032.7418083333334 4132179.111308334 17076511308809.92
0.121 0.0 2030.2423666666666 4122215.6301666666 16996042047530.785
0.136 0.0 2027.8253583333333 4112121.043458334 16910280742316.328
0.151 0.0 2024.7325166666665 4099838.679033333 16811858530000.404
0.16599999999999998 0.0 2022.0286583333332 4088728.755408332 16719469007724.45
0.181 0.0 2019.2169333333336 4077307.1899 16625569295073.537
0.196 0.0 2015.7662416666667 4063561.100691667 16515389676997.25
0.211 0.0 2012.8824333333332 4052126.8318000003 16424206714536.66
0.22599999999999998 0.0 2008.9953166666664 4036703.730633333 16301423208625.39
0.241 0.0 2006.0532416666665 4024339.3504250003 16196741926284.402
0.256 0.0 2001.6536833333334 4007274.5178333335 16064822630313.63
0.271 0.0 1998.15025 3992829.9260000004 15945379883481.008
0.286 0.0 1993.987025 3976090.2213583337 15810969673686.555
