0.02 0.009 1930.704 3728355.265257143 13911084071065.346
0.02 0.01 1915.5066555555559 3670274.8600333333 13486140363354.91
0.02 0.011 1898.8135375000002 3607191.0336375 13034046839723.342
0.02 0.012 1879.86523 3536651.6009500003 12542079769900.295
0.02 0.013 1858.4885000000002 3458506.6473000003 12014042106505.494
0.02 0.014 1834.1583444444439 3371319.0916111106 11445231679835.994
0.02 0.015 1804.8256625000001 3268810.9268625 10804045900609.44
0.02 0.016 1774.1412599999999 3163552.4801 10168331054270.574
0.02 0.017 1737.8101499999996 3042888.041175 9476637106025.617
0.02 0.018000000000000002 1699.6010111111111 2919603.392855556 8803710766556.389
0.02 0.019 1659.1602749999997 2791793.686175 8130375403301.966
0.02 0.02 1615.525325 2658374.882975 7464325110121.626
0.02 0.020999999999999998 1576.0272999999997 2539576.224042857 6889070234995.522
0.02 0.022 1532.8644874999998 2414377.6908125 6317229391458.426
0.02 0.023 1493.4839857142856 2302354.7375285714 5820929180644.929
0.02 0.024 1454.2367555555556 2193064.8711777776 5354306551127.827
0.02 0.025 1415.982957142857 2088845.9932999997 4925723806101.425
0.02 0.026000000000000002 1380.5761250000005 1994761.4638999999 4551025147812.086
