0.02 0.009 7727.970845771144 59723571.61216418 3567390347280755.5
0.02 0.01 7667.835838445809 58798502.70150819 3457918544212426.5
0.02 0.011 7600.233257575757 57767631.77709595 3338035881452458.5
0.02 0.012 7525.1915 56634637.11203846 3208854613827224.5
0.02 0.013 7438.768470149254 55345380.730758704 3065285161477077.5
0.02 0.014 7337.4063222543355 53856217.651770234 2904283939870629.5
0.02 0.015 7207.005864197531 51983762.45581276 2710216222273096.5
0.02 0.016 7043.629987373736 49709717.12266414 2487300185898512.0
0.02 0.017 6818.571060606061 46722278.73568182 2217110239685165.5
0.02 0.018000000000000002 6523.491513292433 43003249.78126278 1909268799812074.8
0.02 0.019 6195.7431876278115 39108039.10100971 1616466330777215.5
0.02 0.02 5856.9731400966175 35278607.29294686 1352062761683953.5
0.02 0.020999999999999998 5510.604245780591 31585392.399024263 1119899629799843.9
0.02 0.022 5182.098264944276 28243715.663411856 925493605321126.2
0.02 0.023 4897.669001547987 25479872.467995357 776003970212355.6
0.02 0.024 4612.167142489711 22839526.794457305 644471496609325.1
0.02 0.025 4353.984934895833 20557399.15459635 539003251584885.3
0.02 0.026000000000000002 4128.073619873817 18624036.825906936 454140365474891.4
