0.02 0.009 5499.315388655463 30243957.36566877 914876148738344.1
0.02 0.01 5456.338774104684 29773736.553202476 886724226100077.1
0.02 0.011 5409.111764705883 29261545.66565126 856591239412070.9
0.02 0.012 5355.515097629011 28686208.88350767 823425297459985.8
0.02 0.013 5293.811952683615 28032434.379149012 786671843584158.8
0.02 0.014 5220.790361230329 27271670.942793276 745258355641692.8
0.02 0.015 5133.106595744681 26377685.890567373 698478001000544.9
0.02 0.016 5019.089775910365 25257822.717542015 643502089400528.8
0.02 0.017 4875.426342398884 23897198.157688282 580823781018552.8
0.02 0.018000000000000002 4695.926424501425 22278704.21071937 512166070552622.94
0.02 0.019 4501.300516381767 20601247.768963676 446115779246749.9
0.02 0.02 4288.981063829788 18856355.940531913 382701585518348.06
0.02 0.020999999999999998 4092.5213629943505 17311639.885381356 330328381976807.8
0.02 0.022 3878.132358156028 15709365.066684397 280434913625206.6
0.02 0.023 3697.962625178827 14397073.909406297 241290998453059.53
0.02 0.024 3516.265223665223 13142830.494047618 207007621396812.5
0.02 0.025 3351.9340460526314 12047620.164784355 178667762045775.2
0.02 0.026000000000000002 3213.659703947369 11143693.735325294 155920471747104.34
