0.02 0.009 2444.7485208333333 5977694.423520833 35753111833837.95
0.02 0.01 2425.1504999999997 5882597.574214287 34632932535338.55
0.02 0.011 2404.3869361702127 5782965.963191489 33483499925376.914
0.02 0.012 2380.5436666666665 5669878.403533334 32208001259214.27
0.02 0.013 2353.0822040816324 5542021.506326531 30811716036112.703
0.02 0.014 2321.535293103448 5398387.435224137 29301807313731.53
0.02 0.015 2283.699387755102 5229583.462489796 27592504412787.023
0.02 0.016 2239.6815862068966 5039750.045413793 25775077207640.855
0.02 0.017 2191.505488888889 4837416.999622222 23924580127833.477
0.02 0.018000000000000002 2139.439360655738 4624087.200704918 22057248376567.46
0.02 0.019 2079.6440666666667 4387203.935311112 20094372816951.55
0.02 0.02 2015.6841481481483 4143165.9408148145 18193052917211.58
0.02 0.020999999999999998 1961.677666666667 3942073.3477058816 16688748661461.098
0.02 0.022 1898.8327796610172 3714371.9706101697 15060396872751.057
0.02 0.023 1845.4 3524974.255458334 13759737875949.77
0.02 0.024 1782.5212264150946 3310373.4684339617 12369821109888.65
0.02 0.025 1729.1542127659573 3130068.9020851064 11222484982976.506
0.02 0.026000000000000002 1680.0243454545455 2973161.3107454544 10304040132206.395
