0.08 0.018 4641.31738317757 21586546.958644856 469107726594866.5
0.08600000000000001 0.018 4577.077335285505 21003188.985095166 444754264446519.25
0.09200000000000001 0.018 4509.241364705883 20403221.488658823 420734551122224.75
0.09800000000000002 0.018 4428.732727272727 19697062.052585598 393108890194119.75
0.10400000000000002 0.018 4342.836709753232 18966460.651421856 365981301837423.7
0.11000000000000003 0.018 4238.8964235294125 18104447.055247057 335388282017020.6
0.11600000000000003 0.018 4122.06748826291 17165407.138098594 303867502471265.4
0.12200000000000004 0.018 3971.623156654888 16011655.034793878 268155758127601.9
0.12800000000000006 0.018 3823.923419811321 14933694.619740564 237262483920742.53
0.13400000000000006 0.018 3652.18962085308 13694802.036161136 202818177286872.62
0.14000000000000007 0.018 3470.675914994097 12467613.467744982 172134852330095.3
0.14600000000000007 0.018 3278.6943698468785 11226271.513545346 143434817572209.97
0.15200000000000008 0.018 3066.581436984688 9941595.0780212 116656600730689.86
0.15800000000000008 0.018 2872.089410348977 8804773.26876053 94335829938098.3
0.1640000000000001 0.018 2689.140283353011 7799873.584817002 76565208055053.95
0.1700000000000001 0.018 2494.291820330969 6785766.06572104 60218003926199.91
0.1760000000000001 0.018 2339.566492890995 6016977.2054028455 48668651760241.91
0.1820000000000001 0.018 2184.833396449704 5299613.212568047 39129496320928.87
0.1880000000000001 0.018 2035.6672770511298 4637306.312128419 30905247458412.3
0.19400000000000012 0.018 1904.0867857142855 4087660.4825476194 24769848705210.426
