0.1 0.018 1962.0552916666668 3880448.7173472224 15429948151421.734
0.113 0.018 1875.2307638888888 3561005.4895972223 13171579056942.29
0.126 0.018 1775.6383888888888 3213952.3545277775 10939438988099.045
0.139 0.018 1655.2380972222222 2820306.6664861105 8673016059176.219
0.152 0.018 1531.0912916666668 2442051.486041667 6738072209044.745
0.16499999999999998 0.018 1396.7841250000001 2063247.6716527778 5035050129429.517
0.178 0.018 1267.377485714286 1725870.0040285715 3702938687362.0107
0.191 0.018 1141.8598194444444 1424068.8365138888 2663489954676.3486
0.204 0.018 1040.428257142857 1197727.3490285715 1970890290149.9868
0.21699999999999997 0.018 943.9150714285714 997772.3267571428 1432273585203.2737
0.22999999999999998 0.018 865.1732571428572 845204.1898 1065001026088.7699
0.24299999999999997 0.018 797.7655285714285 725448.6335571428 813416917362.9194
0.256 0.018 730.8214285714286 612152.8408285715 597264194090.6583
0.269 0.018 682.5647285714285 536164.5813285714 468832183280.7675
0.282 0.018 634.053442857143 464586.54047142866 359624771883.1984
0.29499999999999993 0.018 593.8258857142857 408378.7138571428 283452452861.4508
0.30799999999999994 0.018 558.4848714285713 362599.60407142865 227141884500.7593
0.32099999999999995 0.018 524.5475428571428 319433.9714857143 177134804858.42566
0.33399999999999996 0.018 497.32108571428574 287650.01285714284 145595781696.49738
0.347 0.018 471.29122857142863 258223.68545714288 118056680725.06418
