0.1 0.018 1556.8764833333332 2444524.076816667 6133122173132.369
0.113 0.018 1493.6329833333334 2258648.7322166665 5297347677984.594
0.126 0.018 1416.5178 2044634.6823666668 4423960548354.675
0.139 0.018 1326.8351666666667 1811518.0674666667 3573595238276.788
0.152 0.018 1236.1817166666667 1589909.3905500001 2845585372295.405
0.16499999999999998 0.018 1139.6274166666667 1368839.7854833335 2195033981377.893
0.178 0.018 1048.1276666666665 1174174.3723 1686617394967.7075
0.191 0.018 962.7923833333333 1004128.5201499999 1288112167663.171
0.204 0.018 879.71505 849658.7458500001 965553486683.682
0.21699999999999997 0.018 809.5458333333335 728044.7250666666 739416703731.1631
0.22999999999999998 0.018 748.8068666666666 628980.9496 571912481928.3312
0.24299999999999997 0.018 693.1069166666666 543496.6871166667 442585250865.9789
0.256 0.018 643.38305 472085.1923833333 345236162375.7902
0.269 0.018 600.4465333333334 412745.96286666667 269488591951.84448
0.282 0.018 562.3727833333334 363942.06538333325 214727120257.7314
0.29499999999999993 0.018 529.1064 323140.0219 172243970768.2539
0.30799999999999994 0.018 498.5419666666667 287375.73843333335 138289574792.90042
0.32099999999999995 0.018 472.69990000000007 259406.21463333335 115048635603.68402
0.33399999999999996 0.018 446.8517833333333 231791.08181666664 92588529042.6748
0.347 0.018 425.14735 210383.41291666665 77394875106.11351
