0.001 0.018 3404.301333333334 12510247.819580954 196322235569574.25
0.006 0.018 3798.9035496183205 15228949.998969464 271655560119950.97
0.011 0.018 4130.752183908046 17694775.805287357 348439405336047.06
0.016 0.018 4404.221488549619 19867151.76187023 423304729504581.8
0.021 0.018 4618.163339731286 21623721.634817656 487360107227405.7
0.026000000000000002 0.018 4742.545834932822 22693225.346372366 528979346463213.25
0.031 0.018 4823.031837524178 23396278.065570597 556955205727880.56
0.036000000000000004 0.018 4866.4633140655105 23762025.303391136 570560297473461.8
0.041 0.018 4871.734527938343 23800097.944393057 571370632349668.8
0.046 0.018 4870.727576923077 23769405.136192307 568470973156025.6
0.051000000000000004 0.018 4851.367644787644 23578904.449111972 559268080565652.94
0.056 0.018 4830.10528957529 23362530.397567566 548364442332520.4
0.061 0.018 4798.360506822612 23059157.974463936 534339025810658.6
0.066 0.018 4760.732504854369 22699529.095300976 517901014926792.2
0.07100000000000001 0.018 4721.201550387597 22328158.09914729 501356379133204.56
0.076 0.018 4676.346563706564 21912466.16185328 483253120271745.6
0.081 0.018 4631.472684824903 21494468.550894942 465095575683153.8
0.08600000000000001 0.018 4577.077335285505 21003188.985095166 444754264446519.25
0.091 0.018 4522.118947368421 20515064.1928655 425096580250885.6
0.096 0.018 4455.499805447471 19930180.963307396 402131891635857.75
