0.001 0.018 1450.9930833333333 2201812.025983333 5530360795292.858
0.006 0.018 1534.3360166666669 2432365.8111666664 6514012398425.401
0.011 0.018 1602.9361083333333 2629537.6992083336 7404937091126.662
0.016 0.018 1656.6350083333332 2787113.536275 8136580094917.454
0.021 0.018 1688.0796416666662 2881560.791375 8588842301984.508
0.026000000000000002 0.018 1708.428908333333 2942691.054658333 8879623975058.627
0.031 0.018 1716.9622416666668 2967559.7932416666 8988516893520.463
0.036000000000000004 0.018 1721.0532 2977646.3173999996 9014004438589.81
0.041 0.018 1719.034658333333 2968807.5557416673 8943262565563.43
0.046 0.018 1714.4239083333332 2951306.569841666 8824379818229.023
0.051000000000000004 0.018 1707.0155916666668 2924958.964208333 8659808949203.021
0.056 0.018 1697.7114166666665 2893086.016666667 8471547250980.798
0.061 0.018 1687.109175 2857139.8729083333 8262947989037.966
0.066 0.018 1674.6803583333335 2815378.9670249997 8024925220527.107
0.07100000000000001 0.018 1660.3865333333333 2768401.91005 7766769922994.231
0.076 0.018 1646.1455833333334 2721587.3464666666 7510707569273.575
0.081 0.018 1629.2233583333332 2667231.8451249995 7224789587287.256
0.08600000000000001 0.018 1612.5885714285716 2614562.5538857146 6954306724485.395
0.091 0.018 1594.290166666667 2557591.1839 6670057916708.682
0.096 0.018 1572.6504833333333 2491525.985083333 6351770480141.834
