0.001 0.018 1770.4685892857142 3298165.933089286 12631266786529.107
0.006 0.018 1891.3211904761908 3710245.766964285 15326933414679.277
0.011 0.018 1993.2325892857143 4072926.46039881 17856002823499.562
0.016 0.018 2066.9265120481928 4346218.050608434 19881015163009.61
0.021 0.018 2120.5104071856285 4547424.72045509 21395462982240.61
0.026000000000000002 0.018 2152.1748011695904 4669313.083690058 22345607239419.184
0.031 0.018 2167.714156626506 4726965.756915662 22759656650864.605
0.036000000000000004 0.018 2173.4258862275447 4746607.455706587 22872949110322.137
0.041 0.018 2173.5423313253013 4743006.519957831 22779303082068.145
0.046 0.018 2168.595964071856 4718448.685245508 22503316416384.316
0.051000000000000004 0.018 2158.9956325301205 4676502.235355422 22099703726347.797
0.056 0.018 2148.1118424242427 4627896.930921211 21622856187154.863
0.061 0.018 2134.221296969697 4568844.424569697 21081010252541.81
0.066 0.018 2118.068909090909 4500765.875854546 20468934056823.688
0.07100000000000001 0.018 2100.685301204819 4427635.04945783 19816850553902.836
0.076 0.018 2081.156133333333 4347386.8662303025 19126191340849.25
0.081 0.018 2060.799824242424 4264297.391860606 18423679508158.887
0.08600000000000001 0.018 2038.302805263158 4173657.0890263156 17674588328676.246
0.091 0.018 2015.1320363636364 4081723.7391636367 16934788628727.492
0.096 0.018 1987.513463414634 3974441.0338780493 16102909515463.52
