0.001 0.018 1447.7413625 2193600.9735708334 5501142657962.984
0.006 0.018 1530.169925 2420938.16515 6467182635226.055
0.011 0.018 1601.1360875 2624713.1633208334 7385867737986.35
0.016 0.018 1652.1353666666664 2774824.0623583333 8087058159783.38
0.021 0.018 1685.8528791666665 2875675.8845708333 8567013267976.697
0.026000000000000002 0.018 1705.509425 2934397.210983333 8844059293927.33
0.031 0.018 1715.4366833333333 2963829.5724249994 8978208928258.822
0.036000000000000004 0.018 1719.8347545454546 2974905.954327273 9008982685928.36
0.041 0.018 1717.6756375000002 2965431.8888374995 8933681891419.668
0.046 0.018 1714.237090909091 2951950.9626181815 8837933975028.367
0.051000000000000004 0.018 1705.9410749999997 2922725.768991667 8657912757121.781
0.056 0.018 1697.7117818181816 2893938.8722181823 8483177357791.012
0.061 0.018 1686.8005954545454 2857015.9981227275 8269237451405.442
0.066 0.018 1674.624609090909 2816070.323036364 8035472676812.035
0.07100000000000001 0.018 1660.655881818182 2770093.774209091 7781919679964.793
0.076 0.018 1646.1454954545457 2722698.060131818 7524974134068.103
0.08 0.018 1632.9331750000001 2680277.2315 7301315643838.66
0.081 0.018 1628.773140909091 2666996.22525 7232393201255.5625
0.08600000000000001 0.018 1612.4273999999998 2615093.1387357144 6964298254437.912
0.091 0.018 1593.0875090909092 2555218.113481818 6667878918960.571
0.09200000000000001 0.018 1588.5646791666666 2541235.3643625 6599190852755.428
0.096 0.018 1572.7508545454546 2492657.386509091 6362818855579.68
0.09800000000000002 0.018 1564.0743458333336 2466227.4204208334 6236273540540.928
0.10400000000000002 0.018 1537.7435166666664 2386954.6921833334 5864590014031.72
0.11000000000000003 0.018 1508.5036541666666 2301358.7153041665 5482169873932.388
0.11600000000000003 0.018 1476.1931208333333 2208946.3135208334 5085345493088.077
0.12200000000000004 0.018 1442.7608541666666 2115915.388379167 4704433280710.789
0.12800000000000006 0.018 1405.7386250000002 2015032.4574916668 4307215181539.9375
0.13400000000000006 0.018 1365.450825 1909623.7260833336 3917980356775.7275
0.14000000000000007 0.018 1325.1944624999999 1806505.4401791668 3552055389786.735
0.14600000000000007 0.018 1283.7070416666666 1703058.4777166666 3201049729027.839
0.15200000000000008 0.018 1239.1528791666667 1596090.201904167 2860272982879.3423
0.15800000000000008 0.018 1193.486575 1490143.6946166665 2541662585578.7915
0.1640000000000001 0.018 1151.0745416666666 1394486.3136500001 2266371538500.8794
0.1700000000000001 0.018 1104.4031291666668 1292537.2255541666 1989686462423.6338
0.1760000000000001 0.018 1060.5787791666667 1200272.6918208334 1753083879322.0188
0.1820000000000001 0.018 1019.1426541666667 1115489.1647291665 1545365085875.9688
0.1880000000000001 0.018 978.5524458333332 1034739.4755625001 1357156809364.5044
0.19400000000000012 0.018 941.567475 963673.358475 1200400922918.7888
