0.001 0.018 3404.301333333334 12510247.819580954 196322235569574.25
0.006 0.018 3798.9035496183205 15228949.998969464 271655560119950.97
0.011 0.018 4130.752183908046 17694775.805287357 348439405336047.06
0.016 0.018 4404.221488549619 19867151.76187023 423304729504581.8
0.021 0.018 4618.163339731286 21623721.634817656 487360107227405.7
0.026000000000000002 0.018 4742.545834932822 22693225.346372366 528979346463213.25
0.031 0.018 4823.031837524178 23396278.065570597 556955205727880.56
0.036000000000000004 0.018 4866.4633140655105 23762025.303391136 570560297473461.8
0.041 0.018 4871.734527938343 23800097.944393057 571370632349668.8
0.046 0.018 4870.727576923077 23769405.136192307 568470973156025.6
0.051000000000000004 0.018 4851.367644787644 23578904.449111972 559268080565652.94
0.056 0.018 4830.10528957529 23362530.397567566 548364442332520.4
0.061 0.018 4798.360506822612 23059157.974463936 534339025810658.6
0.066 0.018 4760.732504854369 22699529.095300976 517901014926792.2
0.07100000000000001 0.018 4721.201550387597 22328158.09914729 501356379133204.56
0.076 0.018 4676.346563706564 21912466.16185328 483253120271745.6
0.08 0.018 4641.31738317757 21586546.958644856 469107726594866.5
0.081 0.018 4631.472684824903 21494468.550894942 465095575683153.8
0.08600000000000001 0.018 4577.077335285505 21003188.985095166 444754264446519.25
0.091 0.018 4522.118947368421 20515064.1928655 425096580250885.6
0.09200000000000001 0.018 4509.241364705883 20403221.488658823 420734551122224.75
0.096 0.018 4455.499805447471 19930180.963307396 402131891635857.75
0.09800000000000002 0.018 4428.732727272727 19697062.052585598 393108890194119.75
0.10400000000000002 0.018 4342.836709753232 18966460.651421856 365981301837423.7
0.11000000000000003 0.018 4238.8964235294125 18104447.055247057 335388282017020.6
0.11600000000000003 0.018 4122.06748826291 17165407.138098594 303867502471265.4
0.12200000000000004 0.018 3971.623156654888 16011655.034793878 268155758127601.9
0.12800000000000006 0.018 3823.923419811321 14933694.619740564 237262483920742.53
0.13400000000000006 0.018 3652.18962085308 13694802.036161136 202818177286872.62
0.14000000000000007 0.018 3470.675914994097 12467613.467744982 172134852330095.3
0.14600000000000007 0.018 3278.6943698468785 11226271.513545346 143434817572209.97
0.15200000000000008 0.018 3066.581436984688 9941595.0780212 116656600730689.86
0.15800000000000008 0.018 2872.089410348977 8804773.26876053 94335829938098.3
0.1640000000000001 0.018 2689.140283353011 7799873.584817002 76565208055053.95
0.1700000000000001 0.018 2494.291820330969 6785766.06572104 60218003926199.91
0.1760000000000001 0.018 2339.566492890995 6016977.2054028455 48668651760241.91
0.1820000000000001 0.018 2184.833396449704 5299613.212568047 39129496320928.87
0.1880000000000001 0.018 2035.6672770511298 4637306.312128419 30905247458412.3
0.19400000000000012 0.018 1904.0867857142855 4087660.4825476194 24769848705210.426
