0.029 0.005 2497.543512820513 6237936.531512819 38917153657184.766
0.029 0.00625 2479.9971463414636 6150668.967243902 37837672765736.59
0.029 0.0075 2461.8072564102563 6060879.098487181 36743522229800.88
0.029 0.00875 2442.3982777777774 5965820.35225 35603129789213.75
0.029 0.009999999999999998 2421.424054054054 5864002.533594594 34402895515837.28
0.029 0.011250000000000001 2399.3899459459462 5758149.292567567 33179908420118.137
0.029 0.012499999999999999 2374.4815211267605 5639706.141605634 31839781775522.094
0.029 0.013750000000000002 2346.540054054054 5508769.229108108 30398038301880.363
0.029 0.015 2313.531013888889 5357244.957874999 28790767226715.984
0.029 0.01625 2275.4386969696975 5186677.668484848 27058336602070.195
0.029 0.017499999999999998 2227.479428571429 4978739.309194804 25060690160204.13
0.029 0.018750000000000003 2169.075042253521 4733314.0549577465 22831816889236.684
0.029 0.019375 2137.776993288591 4606486.913476511 21744667603220.484
0.029 0.019999999999999997 2102.4175405405404 4465800.634216215 20576121391921.047
0.029 0.020625 2067.1951689189186 4327924.717371623 19463980370677.2
0.029 0.021250000000000005 2029.1654722222222 4182550.1901666666 18335022081158.383
0.029 0.0225 1951.3379436619718 3892905.5839436622 16183712446983.217
0.029 0.02375 1875.142481927711 3618464.1270843376 14257737593978.443
0.029 0.024999999999999998 1800.4394027777778 3360109.753458334 12555186567065.79
