0.029 0.005 1971.9014583333335 3888566.2957583326 15123598716359.936
0.029 0.00625 1958.4101909090907 3835599.554481818 14715323304726.283
0.029 0.0075 1944.2330636363636 3780353.8111363626 14295756732907.902
0.029 0.00875 1928.95995 3721310.5531666665 13854377222835.398
0.029 0.009999999999999998 1912.7362999999998 3659166.673409091 13398194673336.865
0.029 0.011250000000000001 1895.1374899999998 3592443.1487100003 12917944077630.027
0.029 0.012499999999999999 1875.8847454545455 3520318.5913636363 12410741915859.578
0.029 0.013750000000000002 1853.6647999999998 3438342.9819666664 11850314953880.938
0.029 0.015 1828.0517333333335 3345991.4364666664 11243722776500.14
0.029 0.01625 1798.00966 3240037.9123400003 10575108218295.215
0.029 0.017499999999999998 1762.1308999999997 3117671.8857363635 9844599924462.705
0.029 0.018750000000000003 1719.631123076923 2977043.9913999997 9048377049305.654
0.029 0.019375 1696.2248000000002 2901598.2106640004 8640214265770.997
0.029 0.019999999999999997 1672.2448181818183 2825448.2991454545 8238582509750.278
0.029 0.020625 1646.5170959999998 2745575.680512 7831836303925.112
0.029 0.021250000000000005 1621.26867 2668303.5606299997 7448675774007.441
0.029 0.0225 1566.8994363636366 2505900.573218182 6674327346469.93
0.029 0.02375 1511.9547166666673 2347969.839983333 5967322505855.711
0.029 0.024999999999999998 1460.8587181818182 2205177.9471181817 5356827003538.716
