0.029 0.005 5627.005095381526 31663623.38531626 1002640354225281.4
0.029 0.00625 5585.734680638722 31201013.530988026 973575753494462.9
0.029 0.0075 5542.654038854805 30721791.895347647 943923980432703.1
0.029 0.00875 5497.303965863453 30221377.940160643 913455586504147.2
0.029 0.009999999999999998 5449.654115853658 29700112.35995935 882260380549727.9
0.029 0.011250000000000001 5397.58097718254 29135755.445411704 849109995635778.6
0.029 0.012499999999999999 5340.687962962963 28525667.4723251 814021785085128.8
0.029 0.013750000000000002 5276.281792929293 27843257.783156566 775699855347591.9
0.029 0.015 5202.1161490683235 27069026.307453416 733471994831533.6
0.029 0.01625 5114.213573619632 26169477.59123211 686245250769490.4
0.029 0.017499999999999998 4999.01784591195 25028291.120309226 629689286803122.8
0.029 0.018750000000000003 4845.528639240506 23570354.406803798 562541746930853.2
0.029 0.019375 4754.754431216931 22746496.252843916 527390213212884.7
0.029 0.019999999999999997 4634.605414012739 21680581.012367304 483701912155620.56
0.029 0.020625 4508.7609126984125 20606788.44292328 442395378711469.44
0.029 0.021250000000000005 4387.285298742138 19587939.669889934 404398472545100.1
0.029 0.0225 4104.881953125 17358084.69815104 328856252967379.44
0.029 0.02375 3842.5571656050956 15389944.589808917 267652720216053.06
0.029 0.024999999999999998 3600.6376293995854 13674493.041666666 218884664648381.34
