0.029 0.005 7907.933255693582 62536020.66565736 3910906961348982.5
0.029 0.00625 7849.215807291667 61611005.864088535 3796117248069529.5
0.029 0.0075 7788.635550213675 60663926.02673612 3680374269171630.5
0.029 0.00875 7725.047248931624 59677795.59180021 3561782740870294.5
0.029 0.009999999999999998 7657.487873931624 58639043.12008547 3438987472652150.0
0.029 0.011250000000000001 7583.709401709401 57515266.04129274 3308606413950628.5
0.029 0.012499999999999999 7504.322807017544 56318561.74078948 3172610631062680.0
0.029 0.013750000000000002 7413.381864316239 54963765.994845085 3022224107232020.5
0.029 0.015 7308.953376906318 53430412.85201526 2856808700580445.5
0.029 0.01625 7183.377110745614 51620251.44991776 2668418929247232.0
0.029 0.017499999999999998 7020.428295206972 49336987.1750817 2442880022559439.0
0.029 0.018750000000000003 6783.596130952381 46170910.205113634 2155011983154024.5
0.029 0.019375 6638.162853107346 44312548.35381355 1998404786412808.5
0.029 0.019999999999999997 6448.69425 41977483.063750006 1813268551331803.0
0.029 0.020625 6247.716270949721 39578796.45882216 1633476218604141.2
0.029 0.021250000000000005 6018.468064692983 36961342.621408984 1450950433277116.2
0.029 0.0225 5584.529248903508 32237644.969270833 1146199908537931.8
0.029 0.02375 5150.244694444444 27825832.526527777 892022814220224.6
0.029 0.024999999999999998 4745.870971302428 23989337.92422737 693604707500999.8
