0.029 0.018 6937.041471354167 48196449.388867185 2335334494955505.0
0.029 0.0182 6899.009505208333 47688842.384375 2289279797411371.0
0.029 0.0184 6862.861410256411 47216319.88525642 2247727696762496.8
0.029 0.0186 6821.188606770834 46653958.8280599 2196186435100034.8
0.029 0.0188 6784.062109375 46169985.798567705 2154040861838738.2
0.029 0.019 6733.432877604167 45514398.25253906 2097502788430343.0
0.029 0.0192 6674.376302083333 44773267.44518229 2036984259610676.2
0.029 0.0194 6624.937021857923 44140971.444262296 1983884016206409.8
0.029 0.0196 6559.555208333333 43342345.08359375 1921295965635529.5
0.029 0.0198 6514.157208994709 42775657.57030423 1875389244811563.2
0.029 0.02 6444.930338541667 41933832.279036455 1810303920156282.8
