0.0125 0.022 4635.469492337165 23101847.657902297 662764044180699.5
0.025 0.022 5519.7348039215685 31629733.22637255 1116650554596557.1
0.03125 0.022 5884.050992063491 35432686.31349207 1344500100865607.8
0.037500000000000006 0.022 6136.682837301588 38214579.48174604 1525603627476497.8
0.04375 0.022 6319.565327380953 40270939.15917659 1664100527607655.0
0.05 0.022 6426.141765873016 41501246.99583333 1749676983091553.8
0.0625 0.022 6487.846987951807 42185873.262550205 1792919417555978.8
0.07500000000000001 0.022 6458.542620481927 41774020.34693775 1753903209547513.8
0.0875 0.022 6385.906777108434 40826776.21169678 1673696160274507.2
0.1 0.022 6294.542682926829 39669584.15609755 1580470045719865.2
0.11249999999999999 0.022 6169.059146341464 38115975.17957317 1460563138354518.5
0.125 0.022 6038.531893004115 36530861.96934156 1342949576088388.8
0.13749999999999998 0.022 5875.694907407407 34627208.61805556 1210841018607383.0
0.15 0.022 5675.038645833333 32366741.54416667 1064399208743816.8
0.16249999999999998 0.022 5434.798470464136 29783094.361445148 910261275878208.1
0.17500000000000002 0.022 5125.411875000001 26654176.344687503 742639425782334.0
0.18749999999999997 0.022 4738.166302083334 23032453.072760418 572832632297532.2
0.2 0.022 4307.3940400843885 19328722.70627637 422108859926015.2
0.21249999999999997 0.022 3816.2481012658227 15468014.100210972 286988158878052.7
0.225 0.022 3331.665705128205 12048050.567094017 186918673659452.4
0.23749999999999996 0.022 2905.394230769231 9336881.585042736 119983771386586.94
