0.0125 0.022 3556.854739884393 13458943.621213872 217584542690044.12
0.025 0.022 4081.943988439307 17193705.518554915 324432202314504.75
0.03125 0.022 4279.984069767442 18717449.87011628 373478761833241.8
0.037500000000000006 0.022 4439.771065088757 19975665.16408284 415460908526179.1
0.04375 0.022 4536.579352941176 20759634.571352944 442560234837912.06
0.05 0.022 4593.819767441861 21226539.250930235 458867555842105.7
0.0625 0.022 4626.1680588235295 21466904.64335294 465475152839920.5
0.07500000000000001 0.022 4602.584142011834 21229285.444142014 453962836631850.56
0.0875 0.022 4554.6974404761895 20782264.498869047 434557611556519.2
0.1 0.022 4482.3301190476195 20128876.59130952 407775888759131.8
0.11249999999999999 0.022 4398.49365269461 19387403.298323352 378591749527750.94
0.125 0.022 4300.864303030304 18551683.460787877 347521630583538.3
0.13749999999999998 0.022 4187.24343373494 17603774.437771082 313978807567305.8
0.15 0.022 4048.1304294478527 16493342.419631904 277630819592313.6
0.16249999999999998 0.022 3878.739814814814 15200843.570308642 238568666599457.75
0.17500000000000002 0.022 3682.8065432098765 13784509.707037037 199609673514355.03
0.18749999999999997 0.022 3437.8940123456787 12133260.411543215 159269274929635.6
0.2 0.022 3156.1912422360247 10355640.307763977 120536594388706.72
0.21249999999999997 0.022 2876.400500000001 8736329.134125 89938454337950.95
0.225 0.022 2565.270434782608 7077122.808819876 62615753331952.78
0.23749999999999996 0.022 2291.4267901234566 5737556.015679014 43369500771956.03
