0.0125 0.022 1798.9347037037037 3375606.596185186 12901292331615.91
0.025 0.022 1946.9023135593222 3881597.4412966096 16167361896036.29
0.03125 0.022 1996.2009753086418 4055895.5078148153 17343161422181.705
0.037500000000000006 0.022 2033.7994159292036 4190191.3808318586 18257268997055.246
0.04375 0.022 2052.5597530864197 4256788.475728395 18699612322883.246
0.05 0.022 2064.571208695652 4297259.9956608685 18934582996639.543
0.0625 0.022 2067.4434324324325 4299315.112783784 18825935551922.773
0.07500000000000001 0.022 2052.132596491228 4232669.025035087 18205491675796.01
0.0875 0.022 2028.8284814814813 4135709.312037037 17364946648623.467
0.1 0.022 1996.9630147058824 4007868.0081617655 16321745953908.635
0.11249999999999999 0.022 1959.5113064516129 3861406.7056935476 15180874397072.258
0.125 0.022 1917.0103880597017 3700258.0680895518 13992091179700.857
0.13749999999999998 0.022 1866.9046129032263 3515969.8400645168 12705479795899.91
0.15 0.022 1810.0095606060606 3314338.477560607 11383990664716.95
0.16249999999999998 0.022 1747.1472500000004 3099654.4423125004 10067550647044.89
0.17500000000000002 0.022 1676.2580000000003 2866669.2533636363 8733429994259.46
0.18749999999999997 0.022 1592.485051724138 2606675.4028103454 7380669715197.692
0.2 0.022 1502.5523538461537 2341932.3666615384 6122503342179.881
0.21249999999999997 0.022 1409.9926511627905 2083054.6996744187 4993748186474.741
0.225 0.022 1319.2357384615386 1842150.395646154 4030748515782.9404
0.23749999999999996 0.022 1227.0036304347825 1613111.4163260867 3209543489991.5093
