0.0125 0.022 1467.7967250000002 2237044.677141667 5589775778138.629
0.025 0.022 1566.7738764705884 2508657.0025352943 6713039330147.392
0.03125 0.022 1598.224325 2597335.163025 7091979174943.839
0.037500000000000006 0.022 1620.0024176470592 2658721.8065235293 7351829136997.488
0.04375 0.022 1631.446641666667 2690428.506941667 7478105814863.072
0.05 0.022 1637.1621882352943 2704544.0488941176 7518873145380.325
0.0625 0.022 1637.4216562500003 2699201.9152562497 7439807745737.176
0.07500000000000001 0.022 1624.69056875 2655379.89796875 7184060081655.897
0.0875 0.022 1604.3923533333332 2589147.9126466666 6828455016972.4375
0.1 0.022 1580.5981299999999 2513387.51111 6438636363298.933
0.11249999999999999 0.022 1551.1128399999996 2422617.6250000005 5998117037806.362
0.125 0.022 1517.2703300000003 2321086.4333099998 5527600276360.762
0.13749999999999998 0.022 1479.0292333333332 2210001.2758333334 5041413406099.452
0.15 0.022 1433.6724100000001 2082763.2819700004 4517823576541.711
0.16249999999999998 0.022 1385.4516555555556 1952632.299077778 4017004719408.6807
0.17500000000000002 0.022 1331.46587 1812194.13745 3509710702918.393
0.18749999999999997 0.022 1274.7554444444445 1670674.7542444444 3034880075296.0933
0.2 0.022 1211.8579600000003 1521165.3843399999 2572330007351.8213
0.21249999999999997 0.022 1146.5836166666666 1373574.672316667 2153822478875.0454
0.225 0.022 1077.3301000000001 1225572.9610199998 1770578925446.9866
0.23749999999999996 0.022 1010.6255142857146 1089719.2086857143 1445613938001.2544
