0.15 0.01 1785.4996230769234 3188812.556453846 10178751667593.742
0.15 0.01115 1761.6782999999998 3104407.1206714283 9648435034578.133
0.15 0.0123 1738.2521499999996 3022564.697216667 9148456268593.053
0.15 0.01345 1713.180475 2936229.0665499996 8635915337601.941
0.15 0.0146 1687.0193416666664 2847579.599058334 8126012775914.504
0.15 0.01575 1658.4093500000006 2752312.033916667 7596483185788.321
0.15 0.0169 1628.8930333333335 2656072.635966667 7082669297566.638
0.15 0.01805 1595.471766666667 2549881.6798666664 6542120263084.263
0.15 0.019200000000000002 1557.5919166666667 2433804.0178166665 5987678042441.142
0.15 0.02035 1512.7279571428571 2301943.1233857144 5401143027313.54
0.15 0.0215 1461.1898 2157001.850116667 4803006573728.961
0.15 0.02265 1400.3480999999997 1994367.258066667 4187896360637.895
0.15 0.0238 1335.7817636363636 1829450.5013818184 3608464921557.1646
0.15 0.02495 1265.6951333333336 1659284.4123000002 3058733355377.1914
0.15 0.026099999999999998 1203.0450916666666 1513792.6240416663 2620194496246.35
0.15 0.02725 1142.9411166666669 1380038.2306166666 2244358238477.6294
0.15 0.0284 1086.3225333333332 1258392.273833333 1921858306108.665
