0.15 0.01 7188.887839147286 51682984.47553294 2671724871807315.0
0.15 0.01115 7091.184601449276 50288395.77744565 2529625593854085.5
0.15 0.0123 6989.658380681818 48859367.659043565 2388027159907202.0
0.15 0.01345 6882.418390804597 47372594.131034486 2245091944513722.5
0.15 0.0146 6773.796161048688 45890137.98623596 2106971895823071.5
0.15 0.01575 6655.551666666666 44303338.48529412 1964019005912401.5
0.15 0.0169 6529.694554924243 42645831.35913826 1820184552170472.5
0.15 0.01805 6393.092720306513 40883009.406704985 1673271607505129.8
0.15 0.019200000000000002 6235.289488636364 38894644.8404356 1515229730387227.5
0.15 0.02035 6048.788745210727 36621190.09707855 1345593654027052.8
0.15 0.0215 5812.284932170543 33880292.093943805 1158763536153057.0
0.15 0.02265 5457.068849206349 30074376.6202381 932198935693097.2
0.15 0.0238 4920.274418604651 24870164.03982558 670157735203533.4
0.15 0.02495 4293.323293172691 19428913.871485945 441640326549721.06
0.15 0.026099999999999998 3751.5468373493977 15172065.359688755 289788384884763.25
0.15 0.02725 3311.6631605691055 12063320.556656504 195735138823926.78
0.15 0.0284 2956.808689024391 9774580.588058945 136477862220420.36
