0.15 0.01 5110.9047385620925 26123357.97826797 682639719727250.6
0.15 0.01115 5042.365129449838 25427914.111650486 646829509999825.6
0.15 0.0123 4970.728676470589 24710945.80367647 610907563421106.1
0.15 0.01345 4897.219631410257 23986136.239182696 575658060536511.1
0.15 0.0146 4818.413594276093 23221078.838930976 539586377360634.44
0.15 0.01575 4734.852161949685 22423819.612146225 503274092494122.4
0.15 0.0169 4648.441140776699 21614246.503843043 467712838955827.75
0.15 0.01805 4548.559041666666 20697787.116625 429081622632038.7
0.15 0.019200000000000002 4437.991166666666 19708399.801666666 389384640121926.25
0.15 0.02035 4308.970083333334 18591504.3305 347291030697000.94
0.15 0.0215 4146.142268041237 17256430.713573884 301544370341954.7
0.15 0.02265 3904.8446249999997 15413411.846791666 245688051119376.1
0.15 0.0238 3577.4934405940594 13130222.016955446 186191647698679.1
0.15 0.02495 3231.8466423948216 10920612.978438513 136212187825619.33
0.15 0.026099999999999998 2891.679708333334 8930860.246708332 97174784487413.77
0.15 0.02725 2604.4439166666666 7372524.212166667 70176281146312.58
0.15 0.0284 2368.173624595469 6178017.523543689 51735084137662.266
