0.15 0.01 2265.6957922077922 5134423.161688312 26383751079865.387
0.15 0.01115 2235.130268656717 4996980.470328358 24993201237589.43
0.15 0.0123 2204.7496708860763 4862272.999113924 23667900851297.297
0.15 0.01345 2173.3628064516124 4725097.427064516 22356484874057.316
0.15 0.0146 2138.8610379746838 4576601.763443038 20979367726751.38
0.15 0.01575 2102.164622950819 4421462.749540984 19590505105799.094
0.15 0.0169 2063.22885 4260108.1823 18201217839082.574
0.15 0.01805 2021.1065333333331 4089601.2134222225 16797364047741.613
0.15 0.019200000000000002 1972.5205 3899341.975375001 15322252107450.488
0.15 0.02035 1915.2820222222224 3685082.435755555 13784016070410.37
0.15 0.0215 1846.6987012987013 3440089.69374026 12161589700412.797
0.15 0.02265 1759.983088888889 3146665.830911111 10389307209413.273
0.15 0.0238 1668.3973797468352 2853899.924240506 8780435352584.045
0.15 0.02495 1571.3337692307693 2560090.541430769 7302418568075.231
0.15 0.026099999999999998 1475.125807692308 2283509.386705128 6024627461057.64
0.15 0.02725 1382.8490000000002 2030795.4859811321 4943182711602.375
0.15 0.0284 1307.1618354430382 1834460.4289999998 4173500767616.1187
