0.235 0.005 7358.556519138757 54153322.26505183 2933661808164275.5
0.235 0.00625 7220.819061526479 52145788.49390577 2720343991375945.5
0.235 0.0075 7071.418309859156 50010756.144796565 2502236538988560.0
0.235 0.00875 6912.395531400966 47787730.03252818 2284911730167202.5
0.235 0.009999999999999998 6747.33376984127 45534376.841111116 2074808406218946.5
0.235 0.011250000000000001 6583.17012540453 43346978.291080095 1880491093312607.0
0.235 0.012499999999999999 6404.468259803922 41027306.92806373 1684891076239201.2
0.235 0.013750000000000002 6207.273544657098 38542443.09001196 1487394075497421.8
0.235 0.015 5981.989939024391 35801191.456321135 1284129746163279.2
0.235 0.01625 5728.389674796748 32840545.509349592 1081860937831360.6
0.235 0.017499999999999998 5413.3426824212265 29364453.36113184 868694506513310.5
0.235 0.018750000000000003 4950.404613821138 24761226.96367886 633373794215503.9
0.235 0.019375 4606.677708333333 21688478.538124997 502500158274884.25
0.235 0.019999999999999997 4172.359443048576 18115834.910908714 370017634155563.56
0.235 0.020625 3779.898863636364 15133694.37711039 272505340524451.6
0.235 0.021250000000000005 3394.362104166667 12449789.928979166 196510272724751.8
0.235 0.0225 2776.343341503268 8570078.977982026 103336116361085.44
0.235 0.02375 2371.884857723577 6363370.170589431 61110519593614.22
0.235 0.024999999999999998 2075.8831738437 4927627.603508772 38605579397255.586
