0.235 0.005 2314.612688311688 5359332.1792077925 28762916016127.977
0.235 0.00625 2270.233578947368 5155812.020473684 26620392098866.7
0.235 0.0075 2226.163435897436 4957704.92925641 24616350020174.004
0.235 0.00875 2177.3755894736846 4743005.748978946 22534666466681.453
0.235 0.009999999999999998 2128.0255657894736 4530803.8614605265 20569818881539.867
0.235 0.011250000000000001 2072.154452991453 4296496.862282051 18505478710683.746
0.235 0.012499999999999999 2009.0342465753429 4039602.6119452054 16372075887852.283
0.235 0.013750000000000002 1940.0997721518986 3768786.4541012663 14273534753642.043
0.235 0.015 1871.559693333333 3510355.6184133333 12421834947718.045
0.235 0.01625 1794.692722222222 3234951.266777778 10623293719564.904
0.235 0.017499999999999998 1697.6090657894738 2911819.585697369 8764165396289.884
0.235 0.018750000000000003 1577.3311081081079 2543189.7318108105 6917295983436.584
0.235 0.019375 1511.5641363636364 2352932.0828333334 6055017073816.336
0.235 0.019999999999999997 1445.433909090909 2169741.8075974025 5278934591736.26
0.235 0.020625 1379.0724885496184 1993659.2719999999 4583514126131.737
0.235 0.021250000000000005 1314.23017721519 1826917.527898734 3957098360131.0977
0.235 0.0225 1202.2228266666668 1554529.2844266668 3019073698071.0024
0.235 0.02375 1105.7713698630134 1336387.7838082192 2350466330580.672
0.235 0.024999999999999998 1031.1734102564103 1174192.8464615385 1882693691318.0146
