0.235 0.005 5226.674529569892 27321927.41498656 746904194985108.0
0.235 0.00625 5131.38028215223 26335010.97621391 693948930005562.9
0.235 0.0075 5021.200576923076 25216473.3825 636275994098347.8
0.235 0.00875 4914.0087890625 24151775.89544271 583723115051947.5
0.235 0.009999999999999998 4805.590154569893 23098777.0562836 534022164288467.56
0.235 0.011250000000000001 4682.5201 21931610.324166667 481487479315695.0
0.235 0.012499999999999999 4555.713976377953 20761266.07867454 431588030225628.4
0.235 0.013750000000000002 4417.241133333333 19520591.678866666 381719694395553.9
0.235 0.015 4252.7262273901815 18097829.301937986 328397052613558.0
0.235 0.01625 4067.04375 16561322.50530914 275575786933312.53
0.235 0.017499999999999998 3847.5181571815715 14854800.831910571 223334308210166.8
0.235 0.018750000000000003 3528.727663934426 12618730.5193306 165975705916572.0
0.235 0.019375 3301.640875 11170818.939375 134419131683634.7
0.235 0.019999999999999997 3064.6875688705236 9755584.20974518 106696189621302.97
0.235 0.020625 2818.012542087542 8379877.733754209 82629235759838.02
0.235 0.021250000000000005 2592.925201612903 7199862.0881048385 63873486873253.086
0.235 0.0225 2193.4816196236557 5303449.840893817 38156740285045.93
0.235 0.02375 1941.005608974359 4221039.094326923 25717755681341.05
0.235 0.024999999999999998 1718.049070247934 3343846.7440426997 16993508446704.322
