0.235 0.005 1822.3034333333335 3322319.892216666 11058002212232.725
0.235 0.00625 1785.6939200000002 3190211.033186667 10196606227729.38
0.235 0.0075 1752.6335416666666 3073241.770475 9463380482608.143
0.235 0.00875 1713.3600923076924 2937234.4209384616 8646427223684.83
0.235 0.009999999999999998 1672.490890909091 2799059.774018182 7855123801284.575
0.235 0.011250000000000001 1623.9814727272728 2639464.7104909094 6989117348309.969
0.235 0.012499999999999999 1576.9375636363638 2489533.829963636 6224923983574.485
0.235 0.013750000000000002 1526.87275 2335513.3552250005 5491483112799.605
0.235 0.015 1472.8618181818179 2176419.1611818178 4792125423480.15
0.235 0.01625 1411.402909090909 2005213.8932000003 4110030370266.558
0.235 0.017499999999999998 1338.665181818182 1815698.8104000003 3436397178563.4927
0.235 0.018750000000000003 1252.0304642857143 1605836.384807143 2776582567044.2954
0.235 0.019375 1206.2495380952382 1500640.1480428574 2473459056968.502
0.235 0.019999999999999997 1159.9743 1398259.6579000002 2196073055979.3657
0.235 0.020625 1115.2828523809521 1302232.2731571428 1948209258408.208
0.235 0.021250000000000005 1070.8821999999998 1210231.057818182 1724044043757.1213
0.235 0.0225 993.9584916666668 1058131.462425 1378921094411.0962
0.235 0.02375 924.7912090909091 927714.3348636362 1105170166009.911
0.235 0.024999999999999998 869.0639636363636 828182.9645272729 913410223129.315
