0.235 0.018 5253.894233807267 27709936.839533966 777879305144333.9
0.235 0.0182 5187.040003912363 27035417.35459703 742724848299156.0
0.235 0.0184 5108.352251184834 26264447.678515006 704450412256104.8
0.235 0.0186 5020.437639470014 25419273.793950487 663821774635128.8
0.235 0.0188 4926.831202804748 24533758.08276699 622442549064780.5
0.235 0.019 4827.558949624867 23625008.787915327 582258904654854.0
0.235 0.0192 4712.028204070407 22599434.14896865 539183394844831.3
0.235 0.0194 4584.240024429967 21495063.230062433 494816333348832.7
0.235 0.0196 4458.093983050847 20422350.146553677 452927526653933.6
0.235 0.0198 4335.002731788079 19402422.08642384 414550017917976.7
0.235 0.02 4191.031096681097 18247704.730591632 373661870679116.25
