1.918731822222222388e+07
3.791471300740740448e+07
3.783363171851851791e+07
3.775944677037037164e+07
3.769240358518518507e+07
3.763126189629629999e+07
3.757501900740740448e+07
3.752467958518518507e+07
3.747927382222222537e+07
3.743887038518518209e+07
3.740169576296295971e+07
3.736827834074074030e+07
3.733804397037036717e+07
3.731245639999999851e+07
3.728925705185185373e+07
3.726754542222221941e+07
3.724811878518518806e+07
3.723109395555555820e+07
3.721551091851852089e+07
3.720231183703703433e+07
3.719017068148148060e+07
3.717892865185185522e+07
3.716911807407407463e+07
3.716098245925925672e+07
3.715281662222222239e+07
3.714623868148148060e+07
3.714080893333332986e+07
3.713464928888888657e+07
3.712976703703703731e+07
3.712526140740741044e+07
3.712184574814815074e+07
3.711937656296296418e+07
3.711580669629629701e+07
3.711443788148148358e+07
3.711316100740740448e+07
3.711245008888889104e+07
1.855604973333333433e+07
0.000000000000000000e+00
0.000000000000000000e+00
0.000000000000000000e+00
0.000000000000000000e+00
0.000000000000000000e+00
0.000000000000000000e+00
0.000000000000000000e+00
0.000000000000000000e+00
0.000000000000000000e+00
0.000000000000000000e+00
0.000000000000000000e+00
0.000000000000000000e+00
0.000000000000000000e+00
0.000000000000000000e+00
0.000000000000000000e+00
0.000000000000000000e+00
0.000000000000000000e+00
0.000000000000000000e+00
0.000000000000000000e+00
0.000000000000000000e+00
0.000000000000000000e+00
0.000000000000000000e+00
0.000000000000000000e+00
0.000000000000000000e+00
0.000000000000000000e+00
0.000000000000000000e+00
0.000000000000000000e+00
0.000000000000000000e+00
0.000000000000000000e+00
0.000000000000000000e+00
0.000000000000000000e+00
0.000000000000000000e+00
0.000000000000000000e+00
0.000000000000000000e+00
0.000000000000000000e+00
27x5 ensembles written - L=72,p=0.235,omega=0.025