1.348704902666666731e+07
2.660712281333333254e+07
2.654337055999999866e+07
2.648630839999999851e+07
2.643521531333333254e+07
2.638997885999999940e+07
2.634973412666666508e+07
2.631451236666666716e+07
2.628282576000000164e+07
2.625503083999999985e+07
2.623093400666666776e+07
2.620962340666666627e+07
2.619082946666666493e+07
2.617444496666666493e+07
2.616000616666666791e+07
2.614782910666666552e+07
2.613689719333333150e+07
2.612743427333333343e+07
2.612010102666666731e+07
2.611329410666666552e+07
2.610667792666666582e+07
2.610135106666666642e+07
2.609709093333333358e+07
2.609354309333333373e+07
2.609005537333333492e+07
2.608688621333333477e+07
2.608434007333333418e+07
2.608201896666666493e+07
2.608079541333333403e+07
2.607967433333333209e+07
2.607866621999999881e+07
2.607790529333333299e+07
1.303925330666666664e+07
0.000000000000000000e+00
0.000000000000000000e+00
0.000000000000000000e+00
0.000000000000000000e+00
0.000000000000000000e+00
0.000000000000000000e+00
0.000000000000000000e+00
0.000000000000000000e+00
0.000000000000000000e+00
0.000000000000000000e+00
0.000000000000000000e+00
0.000000000000000000e+00
0.000000000000000000e+00
0.000000000000000000e+00
0.000000000000000000e+00
0.000000000000000000e+00
0.000000000000000000e+00
0.000000000000000000e+00
0.000000000000000000e+00
0.000000000000000000e+00
0.000000000000000000e+00
0.000000000000000000e+00
0.000000000000000000e+00
0.000000000000000000e+00
0.000000000000000000e+00
0.000000000000000000e+00
0.000000000000000000e+00
0.000000000000000000e+00
0.000000000000000000e+00
0.000000000000000000e+00
0.000000000000000000e+00
6x50 ensembles written - L=64,p=0.235,omega=0.0265