1.391606581714285724e+07
2.750929174285714328e+07
2.744121667999999970e+07
2.736733957142857090e+07
2.728779050285714120e+07
2.720260438857143000e+07
2.711317650857142732e+07
2.701964417142857239e+07
2.692272617714285851e+07
2.682316031428571418e+07
2.672211797714285553e+07
2.661942847428571433e+07
2.651620289714285731e+07
2.641290822285714373e+07
2.631078139999999851e+07
2.620947245714285597e+07
2.611064931428571418e+07
2.601464849142857268e+07
2.592131587999999896e+07
2.583169674285714328e+07
2.574643743428571522e+07
2.566571983428571373e+07
2.559046849714285880e+07
2.552052557714285702e+07
2.545712732000000030e+07
2.539985264571428671e+07
2.535000535999999940e+07
2.530675318857142702e+07
2.527101792571428418e+07
2.524316988571428508e+07
2.522303238857143000e+07
2.521092669714285806e+07
1.260352551428571343e+07
0.000000000000000000e+00
0.000000000000000000e+00
0.000000000000000000e+00
0.000000000000000000e+00
0.000000000000000000e+00
0.000000000000000000e+00
0.000000000000000000e+00
0.000000000000000000e+00
0.000000000000000000e+00
0.000000000000000000e+00
0.000000000000000000e+00
0.000000000000000000e+00
0.000000000000000000e+00
0.000000000000000000e+00
0.000000000000000000e+00
0.000000000000000000e+00
0.000000000000000000e+00
0.000000000000000000e+00
0.000000000000000000e+00
0.000000000000000000e+00
0.000000000000000000e+00
0.000000000000000000e+00
0.000000000000000000e+00
0.000000000000000000e+00
0.000000000000000000e+00
0.000000000000000000e+00
0.000000000000000000e+00
0.000000000000000000e+00
0.000000000000000000e+00
0.000000000000000000e+00
0.000000000000000000e+00
7x50 ensembles written - L=64,p=0.235,omega=0.0175