1.354072094666666724e+07
2.672165672666666657e+07
2.665703179333333299e+07
2.659575283999999985e+07
2.653952518666666746e+07
2.648720707999999821e+07
2.643850816000000015e+07
2.639353094666666538e+07
2.635204717333333194e+07
2.631390150666666776e+07
2.627900428000000119e+07
2.624642450666666776e+07
2.621684260000000149e+07
2.618979344000000134e+07
2.616461704666666687e+07
2.614215225333333388e+07
2.612160201999999955e+07
2.610370006666666642e+07
2.608741391333333403e+07
2.607278938666666672e+07
2.605945053333333507e+07
2.604763123333333433e+07
2.603700372666666657e+07
2.602791659333333373e+07
2.601993934666666761e+07
2.601361655333333462e+07
2.600772637999999896e+07
2.600299298666666821e+07
2.599974748666666821e+07
2.599642044666666538e+07
2.599448455999999866e+07
2.599323957333333418e+07
1.299640870666666701e+07
0.000000000000000000e+00
0.000000000000000000e+00
0.000000000000000000e+00
0.000000000000000000e+00
0.000000000000000000e+00
0.000000000000000000e+00
0.000000000000000000e+00
0.000000000000000000e+00
0.000000000000000000e+00
0.000000000000000000e+00
0.000000000000000000e+00
0.000000000000000000e+00
0.000000000000000000e+00
0.000000000000000000e+00
0.000000000000000000e+00
0.000000000000000000e+00
0.000000000000000000e+00
0.000000000000000000e+00
0.000000000000000000e+00
0.000000000000000000e+00
0.000000000000000000e+00
0.000000000000000000e+00
0.000000000000000000e+00
0.000000000000000000e+00
0.000000000000000000e+00
0.000000000000000000e+00
0.000000000000000000e+00
0.000000000000000000e+00
0.000000000000000000e+00
0.000000000000000000e+00
0.000000000000000000e+00
6x50 ensembles written - L=64,p=0.235,omega=0.0235