1.365725402857142873e+07
2.696848318285714462e+07
2.690255760571428388e+07
2.683694329142856970e+07
2.677218965142857283e+07
2.670864140571428463e+07
2.664560830285714194e+07
2.658413693142857030e+07
2.652374347428571433e+07
2.646559796571428701e+07
2.640844609714285657e+07
2.635338532571428642e+07
2.630064016000000015e+07
2.625003973142857105e+07
2.620188106857142970e+07
2.615559639999999851e+07
2.611162798285714164e+07
2.607030058285714313e+07
2.603138890857142955e+07
2.599464846857142821e+07
2.596060296000000089e+07
2.592940298857142776e+07
2.590041253142857179e+07
2.587360074857142940e+07
2.585042567428571358e+07
2.582947285142857209e+07
2.581168066857142746e+07
2.579651895428571478e+07
2.578346184571428597e+07
2.577341271999999881e+07
2.576640858285714313e+07
2.576206028000000119e+07
1.288022862857142836e+07
0.000000000000000000e+00
0.000000000000000000e+00
0.000000000000000000e+00
0.000000000000000000e+00
0.000000000000000000e+00
0.000000000000000000e+00
0.000000000000000000e+00
0.000000000000000000e+00
0.000000000000000000e+00
0.000000000000000000e+00
0.000000000000000000e+00
0.000000000000000000e+00
0.000000000000000000e+00
0.000000000000000000e+00
0.000000000000000000e+00
0.000000000000000000e+00
0.000000000000000000e+00
0.000000000000000000e+00
0.000000000000000000e+00
0.000000000000000000e+00
0.000000000000000000e+00
0.000000000000000000e+00
0.000000000000000000e+00
0.000000000000000000e+00
0.000000000000000000e+00
0.000000000000000000e+00
0.000000000000000000e+00
0.000000000000000000e+00
0.000000000000000000e+00
0.000000000000000000e+00
0.000000000000000000e+00
7x50 ensembles written - L=64,p=0.235,omega=0.0205