1.496627672000000067e+07
2.967357408571428433e+07
2.958897916000000015e+07
2.947351718285714462e+07
2.932822597714285553e+07
2.915551249714285880e+07
2.895735664000000060e+07
2.873538098857142776e+07
2.849293002857142687e+07
2.823239210285714269e+07
2.795602708571428433e+07
2.766614529142856970e+07
2.736617921714285761e+07
2.705823805714285746e+07
2.674509282857142761e+07
2.642963267428571358e+07
2.611430273714285716e+07
2.580120210857142881e+07
2.549353121714285761e+07
2.519395328000000119e+07
2.490480674285714328e+07
2.462855272571428493e+07
2.436691044571428746e+07
2.412313695428571478e+07
2.389871141714285687e+07
2.369601087999999896e+07
2.351611565714285895e+07
2.336116496571428701e+07
2.323268436571428552e+07
2.313143844571428746e+07
2.305847942285714298e+07
2.301458810285714269e+07
1.149974999428571388e+07
0.000000000000000000e+00
0.000000000000000000e+00
0.000000000000000000e+00
0.000000000000000000e+00
0.000000000000000000e+00
0.000000000000000000e+00
0.000000000000000000e+00
0.000000000000000000e+00
0.000000000000000000e+00
0.000000000000000000e+00
0.000000000000000000e+00
0.000000000000000000e+00
0.000000000000000000e+00
0.000000000000000000e+00
0.000000000000000000e+00
0.000000000000000000e+00
0.000000000000000000e+00
0.000000000000000000e+00
0.000000000000000000e+00
0.000000000000000000e+00
0.000000000000000000e+00
0.000000000000000000e+00
0.000000000000000000e+00
0.000000000000000000e+00
0.000000000000000000e+00
0.000000000000000000e+00
0.000000000000000000e+00
0.000000000000000000e+00
0.000000000000000000e+00
0.000000000000000000e+00
0.000000000000000000e+00
7x50 ensembles written - L=64,p=0.235,omega=0.0115