1.495331879333333299e+07
2.966773244666666538e+07
2.958659492000000179e+07
2.947406455333333462e+07
2.933148928666666523e+07
2.916061303999999911e+07
2.896403559333333373e+07
2.874432616666666791e+07
2.850303283333333209e+07
2.824381613333333284e+07
2.796877997333333269e+07
2.768002700000000000e+07
2.738069700000000000e+07
2.707308779333333299e+07
2.675998950666666776e+07
2.644399560000000149e+07
2.612721462000000104e+07
2.581305301999999955e+07
2.550412779333333299e+07
2.520224053333333507e+07
2.491020494000000134e+07
2.463076073333333433e+07
2.436623966666666791e+07
2.411896746666666493e+07
2.389102921333333477e+07
2.368448946666666493e+07
2.350147555999999866e+07
2.334371530000000075e+07
2.321234235333333164e+07
2.310911396666666493e+07
2.303415331333333254e+07
2.298892501999999955e+07
1.148714639333333261e+07
0.000000000000000000e+00
0.000000000000000000e+00
0.000000000000000000e+00
0.000000000000000000e+00
0.000000000000000000e+00
0.000000000000000000e+00
0.000000000000000000e+00
0.000000000000000000e+00
0.000000000000000000e+00
0.000000000000000000e+00
0.000000000000000000e+00
0.000000000000000000e+00
0.000000000000000000e+00
0.000000000000000000e+00
0.000000000000000000e+00
0.000000000000000000e+00
0.000000000000000000e+00
0.000000000000000000e+00
0.000000000000000000e+00
0.000000000000000000e+00
0.000000000000000000e+00
0.000000000000000000e+00
0.000000000000000000e+00
0.000000000000000000e+00
0.000000000000000000e+00
0.000000000000000000e+00
0.000000000000000000e+00
0.000000000000000000e+00
0.000000000000000000e+00
0.000000000000000000e+00
0.000000000000000000e+00
6x50 ensembles written - L=64,p=0.235,omega=0.01