2.099906073600000143e+07
4.170845921599999815e+07
4.162066739199999720e+07
4.150113620799999684e+07
4.135082254399999976e+07
4.117223084799999744e+07
4.096660209600000083e+07
4.073712584000000358e+07
4.048435427199999988e+07
4.021098937600000203e+07
3.992032699199999869e+07
3.961385889599999785e+07
3.929404492800000310e+07
3.896266545600000024e+07
3.862219227199999988e+07
3.827496896000000089e+07
3.792353307199999690e+07
3.756999011200000346e+07
3.721645692800000310e+07
3.686513446400000155e+07
3.651838115200000256e+07
3.617786284799999744e+07
3.584614184000000358e+07
3.552535652799999714e+07
3.521824360000000149e+07
3.492577308799999952e+07
3.465051443199999630e+07
3.439459948799999803e+07
3.416010283200000226e+07
3.394756743999999762e+07
3.376001353599999845e+07
3.359862222399999946e+07
3.346477337599999830e+07
3.335934321599999815e+07
3.328311064000000060e+07
3.323712361600000039e+07
1.661064953600000031e+07
0.000000000000000000e+00
0.000000000000000000e+00
0.000000000000000000e+00
0.000000000000000000e+00
0.000000000000000000e+00
0.000000000000000000e+00
0.000000000000000000e+00
0.000000000000000000e+00
0.000000000000000000e+00
0.000000000000000000e+00
0.000000000000000000e+00
0.000000000000000000e+00
0.000000000000000000e+00
0.000000000000000000e+00
0.000000000000000000e+00
0.000000000000000000e+00
0.000000000000000000e+00
0.000000000000000000e+00
0.000000000000000000e+00
0.000000000000000000e+00
0.000000000000000000e+00
0.000000000000000000e+00
0.000000000000000000e+00
0.000000000000000000e+00
0.000000000000000000e+00
0.000000000000000000e+00
0.000000000000000000e+00
0.000000000000000000e+00
0.000000000000000000e+00
0.000000000000000000e+00
0.000000000000000000e+00
0.000000000000000000e+00
0.000000000000000000e+00
0.000000000000000000e+00
0.000000000000000000e+00
25x5 ensembles written - L=72,p=0.235,omega=0.01