2.063700194285714254e+07
4.091090918095237762e+07
4.081868624761904776e+07
4.070353419047619402e+07
4.056587142857142538e+07
4.040779878095237911e+07
4.023020068571428210e+07
4.003416213333333284e+07
3.982130457142857462e+07
3.959413173333333433e+07
3.935298626666666567e+07
3.910191950476190448e+07
3.884100784761904925e+07
3.857147897142857313e+07
3.829741523809523880e+07
3.801851853333333135e+07
3.773824051428571343e+07
3.745740380952380598e+07
3.717769247619047761e+07
3.690083944761905074e+07
3.662888207619047910e+07
3.636391120000000298e+07
3.610701923809523880e+07
3.585973308571428806e+07
3.562407620952381194e+07
3.540178805714285374e+07
3.519286828571428359e+07
3.499992990476190299e+07
3.482317843809524179e+07
3.466499160000000149e+07
3.452583811428571492e+07
3.440610489523809403e+07
3.430715060952381045e+07
3.422942878095237911e+07
3.417318824761904776e+07
3.413929188571428508e+07
1.706431586666666716e+07
0.000000000000000000e+00
0.000000000000000000e+00
0.000000000000000000e+00
0.000000000000000000e+00
0.000000000000000000e+00
0.000000000000000000e+00
0.000000000000000000e+00
0.000000000000000000e+00
0.000000000000000000e+00
0.000000000000000000e+00
0.000000000000000000e+00
0.000000000000000000e+00
0.000000000000000000e+00
0.000000000000000000e+00
0.000000000000000000e+00
0.000000000000000000e+00
0.000000000000000000e+00
0.000000000000000000e+00
0.000000000000000000e+00
0.000000000000000000e+00
0.000000000000000000e+00
0.000000000000000000e+00
0.000000000000000000e+00
0.000000000000000000e+00
0.000000000000000000e+00
0.000000000000000000e+00
0.000000000000000000e+00
0.000000000000000000e+00
0.000000000000000000e+00
0.000000000000000000e+00
0.000000000000000000e+00
0.000000000000000000e+00
0.000000000000000000e+00
0.000000000000000000e+00
0.000000000000000000e+00
21x5 ensembles written - L=72,p=0.235,omega=0.0145