1.344696198857142776e+07
2.651924887428571284e+07
2.645780696000000089e+07
2.640497358857142925e+07
2.636015582857142761e+07
2.632173171428571269e+07
2.628987307999999821e+07
2.626269419999999925e+07
2.623967913714285567e+07
2.622075406857142970e+07
2.620524857714285702e+07
2.619221231428571418e+07
2.618145465142857283e+07
2.617222051428571343e+07
2.616485079428571463e+07
2.615889446857142821e+07
2.615355058285714313e+07
2.614919971428571269e+07
2.614555985142857209e+07
2.614255370857143030e+07
2.613995048000000045e+07
2.613794441714285687e+07
2.613656633714285865e+07
2.613511534857142717e+07
2.613388957142857090e+07
2.613318293714285642e+07
2.613255617714285851e+07
2.613168623428571597e+07
2.613162238285714388e+07
2.613119449714285880e+07
2.613110844000000134e+07
2.613094615428571403e+07
1.306541240571428649e+07
0.000000000000000000e+00
0.000000000000000000e+00
0.000000000000000000e+00
0.000000000000000000e+00
0.000000000000000000e+00
0.000000000000000000e+00
0.000000000000000000e+00
0.000000000000000000e+00
0.000000000000000000e+00
0.000000000000000000e+00
0.000000000000000000e+00
0.000000000000000000e+00
0.000000000000000000e+00
0.000000000000000000e+00
0.000000000000000000e+00
0.000000000000000000e+00
0.000000000000000000e+00
0.000000000000000000e+00
0.000000000000000000e+00
0.000000000000000000e+00
0.000000000000000000e+00
0.000000000000000000e+00
0.000000000000000000e+00
0.000000000000000000e+00
0.000000000000000000e+00
0.000000000000000000e+00
0.000000000000000000e+00
0.000000000000000000e+00
0.000000000000000000e+00
0.000000000000000000e+00
0.000000000000000000e+00
7x50 ensembles written - L=64,p=0.235,omega=0.031