1.987150160000000149e+07
3.933865292307692021e+07
3.925403176923076808e+07
3.916067535384615511e+07
3.905911996923077106e+07
3.895012676923076808e+07
3.883417609230769426e+07
3.871206847692307830e+07
3.858452701538461447e+07
3.845202330769230425e+07
3.831616313846153766e+07
3.817687401538461447e+07
3.803464856923077255e+07
3.789174039999999851e+07
3.774739392307692021e+07
3.760382823076923192e+07
3.746046029230768979e+07
3.731885053846153617e+07
3.717957723076923192e+07
3.704274278461538255e+07
3.690918533846154064e+07
3.678023663076923043e+07
3.665600618461538106e+07
3.653760789230769128e+07
3.642531970769231021e+07
3.631972943076922745e+07
3.622178638461538404e+07
3.613098381538461894e+07
3.604845893846154213e+07
3.597482430769230425e+07
3.591094430769230425e+07
3.585493815384615213e+07
3.581011601538461447e+07
3.577490981538461894e+07
3.574963184615384787e+07
3.573432858461538702e+07
1.786461024615384638e+07
0.000000000000000000e+00
0.000000000000000000e+00
0.000000000000000000e+00
0.000000000000000000e+00
0.000000000000000000e+00
0.000000000000000000e+00
0.000000000000000000e+00
0.000000000000000000e+00
0.000000000000000000e+00
0.000000000000000000e+00
0.000000000000000000e+00
0.000000000000000000e+00
0.000000000000000000e+00
0.000000000000000000e+00
0.000000000000000000e+00
0.000000000000000000e+00
0.000000000000000000e+00
0.000000000000000000e+00
0.000000000000000000e+00
0.000000000000000000e+00
0.000000000000000000e+00
0.000000000000000000e+00
0.000000000000000000e+00
0.000000000000000000e+00
0.000000000000000000e+00
0.000000000000000000e+00
0.000000000000000000e+00
0.000000000000000000e+00
0.000000000000000000e+00
0.000000000000000000e+00
0.000000000000000000e+00
0.000000000000000000e+00
0.000000000000000000e+00
0.000000000000000000e+00
0.000000000000000000e+00
26x5 ensembles written - L=72,p=0.235,omega=0.0175