1.347105939200000092e+07
2.657170794399999827e+07
2.650906313599999994e+07
2.645361691200000048e+07
2.640547583999999985e+07
2.636277104800000042e+07
2.632530725600000098e+07
2.629291073600000143e+07
2.626492057600000128e+07
2.624145207200000063e+07
2.622017653599999845e+07
2.620201300800000131e+07
2.618660207999999821e+07
2.617344073600000143e+07
2.616168446400000155e+07
2.615216776000000164e+07
2.614396971200000122e+07
2.613645587200000137e+07
2.613024092799999937e+07
2.612526403200000152e+07
2.612032232000000030e+07
2.611640305600000173e+07
2.611283622399999946e+07
2.610963157600000128e+07
2.610740364000000060e+07
2.610462590399999917e+07
2.610356843200000003e+07
2.610229985599999875e+07
2.610152938399999961e+07
2.610080236800000072e+07
2.610070556799999997e+07
2.610046357600000128e+07
1.304990805599999987e+07
0.000000000000000000e+00
0.000000000000000000e+00
0.000000000000000000e+00
0.000000000000000000e+00
0.000000000000000000e+00
0.000000000000000000e+00
0.000000000000000000e+00
0.000000000000000000e+00
0.000000000000000000e+00
0.000000000000000000e+00
0.000000000000000000e+00
0.000000000000000000e+00
0.000000000000000000e+00
0.000000000000000000e+00
0.000000000000000000e+00
0.000000000000000000e+00
0.000000000000000000e+00
0.000000000000000000e+00
0.000000000000000000e+00
0.000000000000000000e+00
0.000000000000000000e+00
0.000000000000000000e+00
0.000000000000000000e+00
0.000000000000000000e+00
0.000000000000000000e+00
0.000000000000000000e+00
0.000000000000000000e+00
0.000000000000000000e+00
0.000000000000000000e+00
0.000000000000000000e+00
0.000000000000000000e+00
5x50 ensembles written - L=64,p=0.235,omega=0.028