1.915343189090909064e+07
3.784366578181818128e+07
3.776303500000000000e+07
3.769111360000000149e+07
3.762703616363636404e+07
3.757038776363636553e+07
3.752022121818181872e+07
3.747519412727272511e+07
3.743578096363636106e+07
3.739935116363636404e+07
3.736926416363636404e+07
3.734209572727272660e+07
3.731895609090909362e+07
3.729746781818182021e+07
3.727924336363636702e+07
3.726327121818181872e+07
3.724815869090908766e+07
3.723641889090909064e+07
3.722463152727272362e+07
3.721495576363636553e+07
3.720754400000000000e+07
3.720103983636363596e+07
3.719442803636363894e+07
3.718959018181817979e+07
3.718551247272727638e+07
3.718083918181817979e+07
3.717784287272727489e+07
3.717510263636363298e+07
3.717168134545454383e+07
3.716908939999999851e+07
3.716782798181818426e+07
3.716598521818181872e+07
3.716453756363636255e+07
3.716319932727272809e+07
3.716240705454545468e+07
3.716139725454545766e+07
1.858109470909091085e+07
0.000000000000000000e+00
0.000000000000000000e+00
0.000000000000000000e+00
0.000000000000000000e+00
0.000000000000000000e+00
0.000000000000000000e+00
0.000000000000000000e+00
0.000000000000000000e+00
0.000000000000000000e+00
0.000000000000000000e+00
0.000000000000000000e+00
0.000000000000000000e+00
0.000000000000000000e+00
0.000000000000000000e+00
0.000000000000000000e+00
0.000000000000000000e+00
0.000000000000000000e+00
0.000000000000000000e+00
0.000000000000000000e+00
0.000000000000000000e+00
0.000000000000000000e+00
0.000000000000000000e+00
0.000000000000000000e+00
0.000000000000000000e+00
0.000000000000000000e+00
0.000000000000000000e+00
0.000000000000000000e+00
0.000000000000000000e+00
0.000000000000000000e+00
0.000000000000000000e+00
0.000000000000000000e+00
0.000000000000000000e+00
0.000000000000000000e+00
0.000000000000000000e+00
0.000000000000000000e+00
22x5 ensembles written - L=72,p=0.235,omega=0.0265