1.414018196666666679e+07
2.797196748666666821e+07
2.790129651999999955e+07
2.781930517333333194e+07
2.772642444000000134e+07
2.762345981333333254e+07
2.751082478666666523e+07
2.739025212666666508e+07
2.726229719333333150e+07
2.712818196000000089e+07
2.698950635333333164e+07
2.684650679333333299e+07
2.670090521333333477e+07
2.655379371999999881e+07
2.640603739999999851e+07
2.625862835999999940e+07
2.611258285999999940e+07
2.596916003333333507e+07
2.582967289333333448e+07
2.569446461333333328e+07
2.556525269333333150e+07
2.544179555999999866e+07
2.532592350000000000e+07
2.521884833333333209e+07
2.512063902666666731e+07
2.503195262666666508e+07
2.495406505999999866e+07
2.488691124666666612e+07
2.483141669999999925e+07
2.478814972666666657e+07
2.475680522666666657e+07
2.473776764000000060e+07
1.236582295333333313e+07
0.000000000000000000e+00
0.000000000000000000e+00
0.000000000000000000e+00
0.000000000000000000e+00
0.000000000000000000e+00
0.000000000000000000e+00
0.000000000000000000e+00
0.000000000000000000e+00
0.000000000000000000e+00
0.000000000000000000e+00
0.000000000000000000e+00
0.000000000000000000e+00
0.000000000000000000e+00
0.000000000000000000e+00
0.000000000000000000e+00
0.000000000000000000e+00
0.000000000000000000e+00
0.000000000000000000e+00
0.000000000000000000e+00
0.000000000000000000e+00
0.000000000000000000e+00
0.000000000000000000e+00
0.000000000000000000e+00
0.000000000000000000e+00
0.000000000000000000e+00
0.000000000000000000e+00
0.000000000000000000e+00
0.000000000000000000e+00
0.000000000000000000e+00
0.000000000000000000e+00
0.000000000000000000e+00
6x50 ensembles written - L=64,p=0.235,omega=0.016