1.913046287619047612e+07
3.779404478095237911e+07
3.771411344761905074e+07
3.764296961904761940e+07
3.758187045714285970e+07
3.752816377142857015e+07
3.748180007619047910e+07
3.744125580952380598e+07
3.740580891428571194e+07
3.737571019047619402e+07
3.734901426666666567e+07
3.732627325714285672e+07
3.730598906666667014e+07
3.728856746666666865e+07
3.727407944761905074e+07
3.726245544761905074e+07
3.725144622857142985e+07
3.724210382857143134e+07
3.723470817142856866e+07
3.722794639999999851e+07
3.722168394285714626e+07
3.721668180952380598e+07
3.721333603809523582e+07
3.720953360000000149e+07
3.720690177142857015e+07
3.720428786666666716e+07
3.720224232380952686e+07
3.720059481904762238e+07
3.719839434285714477e+07
3.719745508571428806e+07
3.719562980952380598e+07
3.719501784761904925e+07
3.719391251428571343e+07
3.719408358095238358e+07
3.719327281904762238e+07
3.719407807619047910e+07
1.859691022857142985e+07
0.000000000000000000e+00
0.000000000000000000e+00
0.000000000000000000e+00
0.000000000000000000e+00
0.000000000000000000e+00
0.000000000000000000e+00
0.000000000000000000e+00
0.000000000000000000e+00
0.000000000000000000e+00
0.000000000000000000e+00
0.000000000000000000e+00
0.000000000000000000e+00
0.000000000000000000e+00
0.000000000000000000e+00
0.000000000000000000e+00
0.000000000000000000e+00
0.000000000000000000e+00
0.000000000000000000e+00
0.000000000000000000e+00
0.000000000000000000e+00
0.000000000000000000e+00
0.000000000000000000e+00
0.000000000000000000e+00
0.000000000000000000e+00
0.000000000000000000e+00
0.000000000000000000e+00
0.000000000000000000e+00
0.000000000000000000e+00
0.000000000000000000e+00
0.000000000000000000e+00
0.000000000000000000e+00
0.000000000000000000e+00
0.000000000000000000e+00
0.000000000000000000e+00
0.000000000000000000e+00
21x5 ensembles written - L=72,p=0.235,omega=0.028