1.922905357037036866e+07
3.800349690370370448e+07
3.792275679999999702e+07
3.784675460740740597e+07
3.777638877037037164e+07
3.771050890370370448e+07
3.764958106666667014e+07
3.759292857777778059e+07
3.754178712592592835e+07
3.749279522962962836e+07
3.744832671111111343e+07
3.740854016296296567e+07
3.737141008888889104e+07
3.733689106666667014e+07
3.730620051851851493e+07
3.727727320000000298e+07
3.725186890370370448e+07
3.722750942222221941e+07
3.720588432592592388e+07
3.718554585185185075e+07
3.716736733333333582e+07
3.715059994074074179e+07
3.713497439999999851e+07
3.712143176296295971e+07
3.710941737777777761e+07
3.709769128888888657e+07
3.708790777777777612e+07
3.707808060740740597e+07
3.707073908148147911e+07
3.706441797037036717e+07
3.705859322962962836e+07
3.705424299259259552e+07
3.705082408888889104e+07
3.704776943703703582e+07
3.704599005925925821e+07
3.704503866666666418e+07
1.852221217777777836e+07
0.000000000000000000e+00
0.000000000000000000e+00
0.000000000000000000e+00
0.000000000000000000e+00
0.000000000000000000e+00
0.000000000000000000e+00
0.000000000000000000e+00
0.000000000000000000e+00
0.000000000000000000e+00
0.000000000000000000e+00
0.000000000000000000e+00
0.000000000000000000e+00
0.000000000000000000e+00
0.000000000000000000e+00
0.000000000000000000e+00
0.000000000000000000e+00
0.000000000000000000e+00
0.000000000000000000e+00
0.000000000000000000e+00
0.000000000000000000e+00
0.000000000000000000e+00
0.000000000000000000e+00
0.000000000000000000e+00
0.000000000000000000e+00
0.000000000000000000e+00
0.000000000000000000e+00
0.000000000000000000e+00
0.000000000000000000e+00
0.000000000000000000e+00
0.000000000000000000e+00
0.000000000000000000e+00
0.000000000000000000e+00
0.000000000000000000e+00
0.000000000000000000e+00
0.000000000000000000e+00
27x5 ensembles written - L=72,p=0.235,omega=0.0235