2.107889807619047537e+07
4.181840081904762238e+07
4.172049272380952537e+07
4.159207520000000298e+07
4.143390634285714477e+07
4.124633948571428657e+07
4.103172769523809850e+07
4.079204813333333284e+07
4.053072918095237762e+07
4.024890746666666865e+07
3.994896811428571492e+07
3.963277659047619253e+07
3.930318485714285821e+07
3.896303127619047463e+07
3.861467706666667014e+07
3.825956998095238209e+07
3.790028874285714328e+07
3.753899013333333284e+07
3.717954963809523731e+07
3.682287083809524029e+07
3.647110283809524029e+07
3.612737207619047910e+07
3.579369196190476418e+07
3.547233499047619104e+07
3.516555049523809552e+07
3.487378100952380896e+07
3.460134714285714179e+07
3.434874920000000298e+07
3.411762057142857462e+07
3.390955121904762089e+07
3.372612380952380598e+07
3.356898889523809403e+07
3.343906687619047612e+07
3.333695434285714105e+07
3.326238497142857313e+07
3.321880030476190522e+07
1.660194693333333358e+07
0.000000000000000000e+00
0.000000000000000000e+00
0.000000000000000000e+00
0.000000000000000000e+00
0.000000000000000000e+00
0.000000000000000000e+00
0.000000000000000000e+00
0.000000000000000000e+00
0.000000000000000000e+00
0.000000000000000000e+00
0.000000000000000000e+00
0.000000000000000000e+00
0.000000000000000000e+00
0.000000000000000000e+00
0.000000000000000000e+00
0.000000000000000000e+00
0.000000000000000000e+00
0.000000000000000000e+00
0.000000000000000000e+00
0.000000000000000000e+00
0.000000000000000000e+00
0.000000000000000000e+00
0.000000000000000000e+00
0.000000000000000000e+00
0.000000000000000000e+00
0.000000000000000000e+00
0.000000000000000000e+00
0.000000000000000000e+00
0.000000000000000000e+00
0.000000000000000000e+00
0.000000000000000000e+00
0.000000000000000000e+00
0.000000000000000000e+00
0.000000000000000000e+00
0.000000000000000000e+00
21x5 ensembles written - L=72,p=0.235,omega=0.013