1.929255695714285597e+07
3.813848635714285821e+07
3.805719845714285970e+07
3.797846748571428657e+07
3.790286484285714477e+07
3.783039767142856866e+07
3.776160047142857313e+07
3.769697011428571492e+07
3.763468915714285523e+07
3.757690688571428508e+07
3.752253082857143134e+07
3.747170451428571343e+07
3.742343818571428210e+07
3.737857241428571194e+07
3.733624471428571641e+07
3.729674081428571790e+07
3.725943938571428508e+07
3.722506270000000298e+07
3.719333614285714179e+07
3.716324370000000298e+07
3.713510875714285672e+07
3.710901417142856866e+07
3.708512017142856866e+07
3.706302405714285374e+07
3.704375578571428359e+07
3.702539039999999851e+07
3.700982178571428359e+07
3.699484071428571641e+07
3.698212072857142985e+07
3.697031207142857462e+07
3.696011928571428359e+07
3.695175050000000000e+07
3.694558465714285523e+07
3.693974884285714477e+07
3.693611944285714626e+07
3.693419861428571492e+07
1.846631821428571269e+07
0.000000000000000000e+00
0.000000000000000000e+00
0.000000000000000000e+00
0.000000000000000000e+00
0.000000000000000000e+00
0.000000000000000000e+00
0.000000000000000000e+00
0.000000000000000000e+00
0.000000000000000000e+00
0.000000000000000000e+00
0.000000000000000000e+00
0.000000000000000000e+00
0.000000000000000000e+00
0.000000000000000000e+00
0.000000000000000000e+00
0.000000000000000000e+00
0.000000000000000000e+00
0.000000000000000000e+00
0.000000000000000000e+00
0.000000000000000000e+00
0.000000000000000000e+00
0.000000000000000000e+00
0.000000000000000000e+00
0.000000000000000000e+00
0.000000000000000000e+00
0.000000000000000000e+00
0.000000000000000000e+00
0.000000000000000000e+00
0.000000000000000000e+00
0.000000000000000000e+00
0.000000000000000000e+00
0.000000000000000000e+00
0.000000000000000000e+00
0.000000000000000000e+00
0.000000000000000000e+00
28x5 ensembles written - L=72,p=0.235,omega=0.022