1.473707509333333373e+07
2.919724558666666597e+07
2.911632234666666761e+07
2.901042496000000089e+07
2.887974541333333403e+07
2.872675376666666567e+07
2.855245585333333164e+07
2.835895308666666597e+07
2.814853708666666597e+07
2.792322699333333224e+07
2.768464698666666821e+07
2.743599683999999985e+07
2.717854502666666731e+07
2.691539578000000119e+07
2.664779271333333477e+07
2.637876234666666761e+07
2.611042067999999970e+07
2.584478942666666582e+07
2.558400611333333328e+07
2.533044101333333179e+07
2.508614327333333343e+07
2.485321263333333284e+07
2.463369086666666716e+07
2.442921096000000089e+07
2.424108326666666567e+07
2.407110233333333209e+07
2.392117010000000149e+07
2.379170644000000134e+07
2.368451744000000134e+07
2.360010835333333164e+07
2.353927921333333477e+07
2.350277378000000119e+07
1.174526422666666657e+07
0.000000000000000000e+00
0.000000000000000000e+00
0.000000000000000000e+00
0.000000000000000000e+00
0.000000000000000000e+00
0.000000000000000000e+00
0.000000000000000000e+00
0.000000000000000000e+00
0.000000000000000000e+00
0.000000000000000000e+00
0.000000000000000000e+00
0.000000000000000000e+00
0.000000000000000000e+00
0.000000000000000000e+00
0.000000000000000000e+00
0.000000000000000000e+00
0.000000000000000000e+00
0.000000000000000000e+00
0.000000000000000000e+00
0.000000000000000000e+00
0.000000000000000000e+00
0.000000000000000000e+00
0.000000000000000000e+00
0.000000000000000000e+00
0.000000000000000000e+00
0.000000000000000000e+00
0.000000000000000000e+00
0.000000000000000000e+00
0.000000000000000000e+00
0.000000000000000000e+00
0.000000000000000000e+00
6x50 ensembles written - L=64,p=0.235,omega=0.013