1.909698304761904851e+07
3.772064860952381045e+07
3.764237497142857313e+07
3.757644400000000000e+07
3.751924483809524029e+07
3.747182424761904776e+07
3.743104200000000000e+07
3.739797535238095373e+07
3.736917697142857313e+07
3.734537784761904925e+07
3.732510765714285523e+07
3.730877455238094926e+07
3.729546619047619402e+07
3.728392380952380598e+07
3.727411971428571641e+07
3.726686942857142538e+07
3.726033800000000000e+07
3.725538030476190150e+07
3.725134603809523582e+07
3.724726302857142687e+07
3.724421729523809254e+07
3.724072135238095373e+07
3.723923226666666567e+07
3.723670095238095522e+07
3.723526851428571343e+07
3.723411851428571343e+07
3.723329276190476120e+07
3.723263318095237762e+07
3.723169310476190597e+07
3.723129693333332986e+07
3.723016571428571641e+07
3.723050820952381194e+07
3.723078257142857462e+07
3.722955209523809701e+07
3.722911502857142687e+07
3.722892506666667014e+07
1.861489582857142761e+07
0.000000000000000000e+00
0.000000000000000000e+00
0.000000000000000000e+00
0.000000000000000000e+00
0.000000000000000000e+00
0.000000000000000000e+00
0.000000000000000000e+00
0.000000000000000000e+00
0.000000000000000000e+00
0.000000000000000000e+00
0.000000000000000000e+00
0.000000000000000000e+00
0.000000000000000000e+00
0.000000000000000000e+00
0.000000000000000000e+00
0.000000000000000000e+00
0.000000000000000000e+00
0.000000000000000000e+00
0.000000000000000000e+00
0.000000000000000000e+00
0.000000000000000000e+00
0.000000000000000000e+00
0.000000000000000000e+00
0.000000000000000000e+00
0.000000000000000000e+00
0.000000000000000000e+00
0.000000000000000000e+00
0.000000000000000000e+00
0.000000000000000000e+00
0.000000000000000000e+00
0.000000000000000000e+00
0.000000000000000000e+00
0.000000000000000000e+00
0.000000000000000000e+00
0.000000000000000000e+00
21x5 ensembles written - L=72,p=0.235,omega=0.031