2.022484198095238209e+07
4.006564529523809254e+07
3.997763360000000149e+07
3.987541800000000000e+07
3.975836921904762089e+07
3.962713790476190299e+07
3.948210287619047612e+07
3.932639289523809403e+07
3.915973386666666716e+07
3.898320849523809552e+07
3.879913392380952090e+07
3.860822499047619104e+07
3.841102422857142985e+07
3.820948535238095373e+07
3.800486586666666716e+07
3.779839323809523880e+07
3.759140788571428508e+07
3.738433144761905074e+07
3.717984660952381045e+07
3.697858306666667014e+07
3.678067580952380598e+07
3.658794491428571194e+07
3.640198495238095522e+07
3.622309565714285523e+07
3.605300388571428508e+07
3.589260219047619402e+07
3.574317805714285374e+07
3.560442493333332986e+07
3.547917921904762089e+07
3.536624563809523731e+07
3.526631830476190150e+07
3.518187765714285523e+07
3.511043523809523880e+07
3.505587817142856866e+07
3.501590805714285374e+07
3.499210093333332986e+07
1.749216563809523731e+07
0.000000000000000000e+00
0.000000000000000000e+00
0.000000000000000000e+00
0.000000000000000000e+00
0.000000000000000000e+00
0.000000000000000000e+00
0.000000000000000000e+00
0.000000000000000000e+00
0.000000000000000000e+00
0.000000000000000000e+00
0.000000000000000000e+00
0.000000000000000000e+00
0.000000000000000000e+00
0.000000000000000000e+00
0.000000000000000000e+00
0.000000000000000000e+00
0.000000000000000000e+00
0.000000000000000000e+00
0.000000000000000000e+00
0.000000000000000000e+00
0.000000000000000000e+00
0.000000000000000000e+00
0.000000000000000000e+00
0.000000000000000000e+00
0.000000000000000000e+00
0.000000000000000000e+00
0.000000000000000000e+00
0.000000000000000000e+00
0.000000000000000000e+00
0.000000000000000000e+00
0.000000000000000000e+00
0.000000000000000000e+00
0.000000000000000000e+00
0.000000000000000000e+00
0.000000000000000000e+00
21x5 ensembles written - L=72,p=0.235,omega=0.016