2.094617673600000143e+07
4.157882097600000352e+07
4.148802337600000203e+07
4.136828348799999803e+07
4.121878847999999672e+07
4.104192772800000012e+07
4.083957513599999994e+07
4.061368291200000048e+07
4.036660249599999934e+07
4.010040724800000340e+07
3.981672321599999815e+07
3.951826871999999881e+07
3.920720510400000215e+07
3.888667665600000322e+07
3.855658374400000274e+07
3.822126676799999923e+07
3.788169273600000143e+07
3.754000601600000262e+07
3.719969542400000244e+07
3.686115892800000310e+07
3.652770627199999988e+07
3.620113256000000238e+07
3.588357387200000137e+07
3.557721056000000238e+07
3.528358103999999911e+07
3.500473731199999899e+07
3.474326566399999708e+07
3.450077401600000262e+07
3.427794100800000131e+07
3.407795942400000244e+07
3.390122110400000215e+07
3.374970328000000119e+07
3.362395670400000364e+07
3.352504209600000083e+07
3.345381356799999997e+07
3.341114032000000030e+07
1.669847531200000085e+07
0.000000000000000000e+00
0.000000000000000000e+00
0.000000000000000000e+00
0.000000000000000000e+00
0.000000000000000000e+00
0.000000000000000000e+00
0.000000000000000000e+00
0.000000000000000000e+00
0.000000000000000000e+00
0.000000000000000000e+00
0.000000000000000000e+00
0.000000000000000000e+00
0.000000000000000000e+00
0.000000000000000000e+00
0.000000000000000000e+00
0.000000000000000000e+00
0.000000000000000000e+00
0.000000000000000000e+00
0.000000000000000000e+00
0.000000000000000000e+00
0.000000000000000000e+00
0.000000000000000000e+00
0.000000000000000000e+00
0.000000000000000000e+00
0.000000000000000000e+00
0.000000000000000000e+00
0.000000000000000000e+00
0.000000000000000000e+00
0.000000000000000000e+00
0.000000000000000000e+00
0.000000000000000000e+00
0.000000000000000000e+00
0.000000000000000000e+00
0.000000000000000000e+00
0.000000000000000000e+00
25x5 ensembles written - L=72,p=0.235,omega=0.0115