1.351017322000000067e+07
2.665654016000000015e+07
2.659254554666666687e+07
2.653378626666666567e+07
2.647962324666666612e+07
2.643103055999999866e+07
2.638717758666666597e+07
2.634715919999999925e+07
2.631096971333333477e+07
2.627840190666666627e+07
2.624975373333333433e+07
2.622375595333333313e+07
2.620050162000000104e+07
2.617990365333333239e+07
2.616100098000000045e+07
2.614476282666666806e+07
2.612984629333333299e+07
2.611700871333333477e+07
2.610566042000000179e+07
2.609540689333333448e+07
2.608650680666666850e+07
2.607891917999999970e+07
2.607205156666666642e+07
2.606583255999999866e+07
2.606056330666666850e+07
2.605617055999999866e+07
2.605281332000000030e+07
2.604984994000000134e+07
2.604774179333333299e+07
2.604544710666666552e+07
2.604454048000000045e+07
2.604366946000000089e+07
1.302168542666666582e+07
0.000000000000000000e+00
0.000000000000000000e+00
0.000000000000000000e+00
0.000000000000000000e+00
0.000000000000000000e+00
0.000000000000000000e+00
0.000000000000000000e+00
0.000000000000000000e+00
0.000000000000000000e+00
0.000000000000000000e+00
0.000000000000000000e+00
0.000000000000000000e+00
0.000000000000000000e+00
0.000000000000000000e+00
0.000000000000000000e+00
0.000000000000000000e+00
0.000000000000000000e+00
0.000000000000000000e+00
0.000000000000000000e+00
0.000000000000000000e+00
0.000000000000000000e+00
0.000000000000000000e+00
0.000000000000000000e+00
0.000000000000000000e+00
0.000000000000000000e+00
0.000000000000000000e+00
0.000000000000000000e+00
0.000000000000000000e+00
0.000000000000000000e+00
0.000000000000000000e+00
0.000000000000000000e+00
6x50 ensembles written - L=64,p=0.235,omega=0.025