1.941098403999999911e+07
3.838607298666666448e+07
3.830398610666666925e+07
3.822125734666666389e+07
3.814043277333333343e+07
3.805984189333333075e+07
3.798053771999999881e+07
3.790183065333333611e+07
3.782671160000000149e+07
3.775239196000000089e+07
3.767989547999999672e+07
3.760935042666666955e+07
3.754070465333333611e+07
3.747518903999999911e+07
3.741146567999999970e+07
3.735040958666666597e+07
3.729172286666666716e+07
3.723502011999999732e+07
3.718202496000000089e+07
3.713057474666666985e+07
3.708208232000000030e+07
3.703623220000000298e+07
3.699386700000000000e+07
3.695354256000000238e+07
3.691643538666666299e+07
3.688234654666666687e+07
3.685079911999999732e+07
3.682175696000000089e+07
3.679629549333333224e+07
3.677387825333333015e+07
3.675490373333333433e+07
3.673834845333333313e+07
3.672494810666666925e+07
3.671489478666666895e+07
3.670785000000000000e+07
3.670280309333333373e+07
1.835141134666666761e+07
0.000000000000000000e+00
0.000000000000000000e+00
0.000000000000000000e+00
0.000000000000000000e+00
0.000000000000000000e+00
0.000000000000000000e+00
0.000000000000000000e+00
0.000000000000000000e+00
0.000000000000000000e+00
0.000000000000000000e+00
0.000000000000000000e+00
0.000000000000000000e+00
0.000000000000000000e+00
0.000000000000000000e+00
0.000000000000000000e+00
0.000000000000000000e+00
0.000000000000000000e+00
0.000000000000000000e+00
0.000000000000000000e+00
0.000000000000000000e+00
0.000000000000000000e+00
0.000000000000000000e+00
0.000000000000000000e+00
0.000000000000000000e+00
0.000000000000000000e+00
0.000000000000000000e+00
0.000000000000000000e+00
0.000000000000000000e+00
0.000000000000000000e+00
0.000000000000000000e+00
0.000000000000000000e+00
0.000000000000000000e+00
0.000000000000000000e+00
0.000000000000000000e+00
0.000000000000000000e+00
30x5 ensembles written - L=72,p=0.235,omega=0.0205