1.345838676799999923e+07
2.654435292000000179e+07
2.648190975200000033e+07
2.642801100000000000e+07
2.638087732800000161e+07
2.634055809600000083e+07
2.630641888800000027e+07
2.627684452800000086e+07
2.625153303999999911e+07
2.623089199199999869e+07
2.621199182400000095e+07
2.619626444799999893e+07
2.618294495199999958e+07
2.617200783199999854e+07
2.616220489600000158e+07
2.615440516000000015e+07
2.614760445600000024e+07
2.614270937599999830e+07
2.613797754399999976e+07
2.613396240799999982e+07
2.613039283999999985e+07
2.612780492799999937e+07
2.612509558399999887e+07
2.612352523999999836e+07
2.612241114400000125e+07
2.612082887999999896e+07
2.611950864799999818e+07
2.611903744799999893e+07
2.611823204800000042e+07
2.611800000000000000e+07
2.611800285599999875e+07
2.611740457600000128e+07
1.305869859999999963e+07
0.000000000000000000e+00
0.000000000000000000e+00
0.000000000000000000e+00
0.000000000000000000e+00
0.000000000000000000e+00
0.000000000000000000e+00
0.000000000000000000e+00
0.000000000000000000e+00
0.000000000000000000e+00
0.000000000000000000e+00
0.000000000000000000e+00
0.000000000000000000e+00
0.000000000000000000e+00
0.000000000000000000e+00
0.000000000000000000e+00
0.000000000000000000e+00
0.000000000000000000e+00
0.000000000000000000e+00
0.000000000000000000e+00
0.000000000000000000e+00
0.000000000000000000e+00
0.000000000000000000e+00
0.000000000000000000e+00
0.000000000000000000e+00
0.000000000000000000e+00
0.000000000000000000e+00
0.000000000000000000e+00
0.000000000000000000e+00
0.000000000000000000e+00
0.000000000000000000e+00
0.000000000000000000e+00
5x50 ensembles written - L=64,p=0.235,omega=0.0295