1.958920460799999908e+07
3.875648625599999726e+07
3.867350372800000012e+07
3.858754284799999744e+07
3.849843580799999833e+07
3.840611481599999964e+07
3.831308729599999636e+07
3.821629006400000304e+07
3.812002984000000358e+07
3.802329871999999881e+07
3.792599657599999756e+07
3.782781395199999958e+07
3.773082135999999940e+07
3.763515414400000125e+07
3.754103206400000304e+07
3.744697452799999714e+07
3.735461971199999750e+07
3.726552412799999863e+07
3.717781945600000024e+07
3.709396572800000012e+07
3.701286297600000352e+07
3.693508822399999946e+07
3.686063110400000215e+07
3.679119200000000000e+07
3.672498803199999779e+07
3.666375022399999946e+07
3.660697590399999917e+07
3.655528731199999899e+07
3.650775600000000000e+07
3.646538636800000072e+07
3.642985628800000250e+07
3.639834215999999642e+07
3.637361198399999738e+07
3.635231323200000077e+07
3.633790052799999714e+07
3.632988531199999899e+07
1.816325671999999881e+07
0.000000000000000000e+00
0.000000000000000000e+00
0.000000000000000000e+00
0.000000000000000000e+00
0.000000000000000000e+00
0.000000000000000000e+00
0.000000000000000000e+00
0.000000000000000000e+00
0.000000000000000000e+00
0.000000000000000000e+00
0.000000000000000000e+00
0.000000000000000000e+00
0.000000000000000000e+00
0.000000000000000000e+00
0.000000000000000000e+00
0.000000000000000000e+00
0.000000000000000000e+00
0.000000000000000000e+00
0.000000000000000000e+00
0.000000000000000000e+00
0.000000000000000000e+00
0.000000000000000000e+00
0.000000000000000000e+00
0.000000000000000000e+00
0.000000000000000000e+00
0.000000000000000000e+00
0.000000000000000000e+00
0.000000000000000000e+00
0.000000000000000000e+00
0.000000000000000000e+00
0.000000000000000000e+00
0.000000000000000000e+00
0.000000000000000000e+00
0.000000000000000000e+00
0.000000000000000000e+00
25x5 ensembles written - L=72,p=0.235,omega=0.019