1.911354057142857090e+07
3.775594828571428359e+07
3.767742436190476269e+07
3.760923209523809701e+07
3.754938051428571343e+07
3.749911333333333582e+07
3.745498942857142538e+07
3.741823613333333284e+07
3.738656281904762238e+07
3.735930325714285672e+07
3.733663537142857164e+07
3.731631262857142836e+07
3.730016678095237911e+07
3.728567600000000000e+07
3.727256801904761791e+07
3.726243535238095373e+07
3.725380299047619104e+07
3.724724801904761791e+07
3.724210333333333582e+07
3.723728078095237911e+07
3.723259647619047761e+07
3.722876750476190448e+07
3.722568462857142836e+07
3.722300754285714030e+07
3.722123820952381194e+07
3.721989007619047910e+07
3.721838125714285672e+07
3.721716649523809552e+07
3.721648565714285523e+07
3.721616032380952686e+07
3.721530584761904925e+07
3.721551872380952537e+07
3.721465375238095224e+07
3.721412468571428210e+07
3.721443158095238358e+07
3.721401720000000298e+07
1.860740996190476045e+07
0.000000000000000000e+00
0.000000000000000000e+00
0.000000000000000000e+00
0.000000000000000000e+00
0.000000000000000000e+00
0.000000000000000000e+00
0.000000000000000000e+00
0.000000000000000000e+00
0.000000000000000000e+00
0.000000000000000000e+00
0.000000000000000000e+00
0.000000000000000000e+00
0.000000000000000000e+00
0.000000000000000000e+00
0.000000000000000000e+00
0.000000000000000000e+00
0.000000000000000000e+00
0.000000000000000000e+00
0.000000000000000000e+00
0.000000000000000000e+00
0.000000000000000000e+00
0.000000000000000000e+00
0.000000000000000000e+00
0.000000000000000000e+00
0.000000000000000000e+00
0.000000000000000000e+00
0.000000000000000000e+00
0.000000000000000000e+00
0.000000000000000000e+00
0.000000000000000000e+00
0.000000000000000000e+00
0.000000000000000000e+00
0.000000000000000000e+00
0.000000000000000000e+00
0.000000000000000000e+00
21x5 ensembles written - L=72,p=0.235,omega=0.0295