1.443456711333333328e+07
2.857567000000000000e+07
2.850048217999999970e+07
2.840683262000000104e+07
2.829568926000000164e+07
2.816835120666666701e+07
2.802574976666666567e+07
2.786949458666666597e+07
2.770091702666666731e+07
2.752146235999999940e+07
2.733344828000000119e+07
2.713808627333333343e+07
2.693746501333333179e+07
2.673250353333333507e+07
2.652516457999999821e+07
2.631762378000000119e+07
2.611085233999999985e+07
2.590689382000000030e+07
2.570741952666666731e+07
2.551357157999999821e+07
2.532747829333333299e+07
2.515056455333333462e+07
2.498346457999999821e+07
2.482827965333333239e+07
2.468561429333333299e+07
2.455730187999999896e+07
2.444368742000000179e+07
2.434654412666666508e+07
2.426612151333333179e+07
2.420267500000000000e+07
2.415691367999999970e+07
2.412960723333333433e+07
1.206030292666666582e+07
0.000000000000000000e+00
0.000000000000000000e+00
0.000000000000000000e+00
0.000000000000000000e+00
0.000000000000000000e+00
0.000000000000000000e+00
0.000000000000000000e+00
0.000000000000000000e+00
0.000000000000000000e+00
0.000000000000000000e+00
0.000000000000000000e+00
0.000000000000000000e+00
0.000000000000000000e+00
0.000000000000000000e+00
0.000000000000000000e+00
0.000000000000000000e+00
0.000000000000000000e+00
0.000000000000000000e+00
0.000000000000000000e+00
0.000000000000000000e+00
0.000000000000000000e+00
0.000000000000000000e+00
0.000000000000000000e+00
0.000000000000000000e+00
0.000000000000000000e+00
0.000000000000000000e+00
0.000000000000000000e+00
0.000000000000000000e+00
0.000000000000000000e+00
0.000000000000000000e+00
0.000000000000000000e+00
6x50 ensembles written - L=64,p=0.235,omega=0.0145