1.358506898285714351e+07
2.681536246285714209e+07
2.675012510857142881e+07
2.668732885714285821e+07
2.662679041714285687e+07
2.656969297714285553e+07
2.651566466285714135e+07
2.646379090285714343e+07
2.641500071999999881e+07
2.636849713142857328e+07
2.632505207428571582e+07
2.628408660000000149e+07
2.624564018857142702e+07
2.620974033142857254e+07
2.617642592000000179e+07
2.614550919428571314e+07
2.611682666857142746e+07
2.609030627428571507e+07
2.606592904571428522e+07
2.604330528571428731e+07
2.602294720571428537e+07
2.600411068571428582e+07
2.598738486285714433e+07
2.597190703428571299e+07
2.595870249714285880e+07
2.594649222285714373e+07
2.593599681142857298e+07
2.592691118857142702e+07
2.591980753142857179e+07
2.591430970285714418e+07
2.591045649714285880e+07
2.590794590857142955e+07
1.295368404571428522e+07
0.000000000000000000e+00
0.000000000000000000e+00
0.000000000000000000e+00
0.000000000000000000e+00
0.000000000000000000e+00
0.000000000000000000e+00
0.000000000000000000e+00
0.000000000000000000e+00
0.000000000000000000e+00
0.000000000000000000e+00
0.000000000000000000e+00
0.000000000000000000e+00
0.000000000000000000e+00
0.000000000000000000e+00
0.000000000000000000e+00
0.000000000000000000e+00
0.000000000000000000e+00
0.000000000000000000e+00
0.000000000000000000e+00
0.000000000000000000e+00
0.000000000000000000e+00
0.000000000000000000e+00
0.000000000000000000e+00
0.000000000000000000e+00
0.000000000000000000e+00
0.000000000000000000e+00
0.000000000000000000e+00
0.000000000000000000e+00
0.000000000000000000e+00
0.000000000000000000e+00
0.000000000000000000e+00
7x50 ensembles written - L=64,p=0.235,omega=0.022