1.376141152666666731e+07
2.718644771333333477e+07
2.711983931333333254e+07
2.705107621999999881e+07
2.698004448666666821e+07
2.690775965333333239e+07
2.683406020666666701e+07
2.675900851999999955e+07
2.668349851333333179e+07
2.660874326666666567e+07
2.653363190666666627e+07
2.645932008666666597e+07
2.638597275333333388e+07
2.631408093333333358e+07
2.624370962666666508e+07
2.617581164666666836e+07
2.611011891333333403e+07
2.604612042000000179e+07
2.598584559333333373e+07
2.592809780666666850e+07
2.587347966000000015e+07
2.582294120666666701e+07
2.577577370666666701e+07
2.573252080666666850e+07
2.569283567999999970e+07
2.565754349333333224e+07
2.562668827333333343e+07
2.560032026666666567e+07
2.557894230666666850e+07
2.556208886666666716e+07
2.555024103999999911e+07
2.554264950666666776e+07
1.277017608000000007e+07
0.000000000000000000e+00
0.000000000000000000e+00
0.000000000000000000e+00
0.000000000000000000e+00
0.000000000000000000e+00
0.000000000000000000e+00
0.000000000000000000e+00
0.000000000000000000e+00
0.000000000000000000e+00
0.000000000000000000e+00
0.000000000000000000e+00
0.000000000000000000e+00
0.000000000000000000e+00
0.000000000000000000e+00
0.000000000000000000e+00
0.000000000000000000e+00
0.000000000000000000e+00
0.000000000000000000e+00
0.000000000000000000e+00
0.000000000000000000e+00
0.000000000000000000e+00
0.000000000000000000e+00
0.000000000000000000e+00
0.000000000000000000e+00
0.000000000000000000e+00
0.000000000000000000e+00
0.000000000000000000e+00
0.000000000000000000e+00
0.000000000000000000e+00
0.000000000000000000e+00
0.000000000000000000e+00
6x50 ensembles written - L=64,p=0.235,omega=0.019