72 0.235 0.01 402.3876539480203
72 0.235 0.0115 403.5170691811989
72 0.235 0.013 402.02396441889545
72 0.235 0.0145 408.61027738612944
72 0.235 0.016 414.726028266612
72 0.235 0.0175 420.0378762983241
72 0.235 0.019 424.3094709357348
72 0.235 0.0205 427.0017803893056
72 0.235 0.022 428.71866462608773
72 0.235 0.0235 429.56528983584275
72 0.235 0.025 430.1073096097448
72 0.235 0.0265 430.5058293320378
72 0.235 0.028 430.76596332261386
72 0.235 0.0295 430.9426897649995
72 0.235 0.031 431.09058636674536
