0.08 0.017 576.7027736131935 339129.3197901049 122762342572.3461
0.08 0.0177 527.6946603260869 287186.5194972826 90948168307.73444
0.08 0.0184 470.83559970014994 232840.38964767617 62900521573.26119
0.08 0.0191 406.8745886287625 178842.15357190635 40118322061.92122
0.08 0.0198 341.61589626239515 130630.80877192982 23673184706.93152
0.08 0.0205 282.60333559782606 92668.09696331521 13323639657.381123
0.08 0.0212 233.23114416475974 64825.13161708618 7212563883.333905
0.08 0.0219 195.06730978260867 46000.30869565217 3918029812.855299
0.08 0.0226 168.0285125858123 34303.763646071704 2276735210.14177
0.08 0.0233 146.99978260869565 26257.663179347826 1376730600.2500818
0.08 0.024 132.16668954996186 21093.393676582764 889163088.5044318
0.08 0.0247 120.00974184782608 17278.891576086957 595589560.8264402
0.08 0.0254 110.66311436672967 14584.724002835539 417431641.3549858
0.08 0.0261 103.08858695652174 12587.60866847826 310079621.042174
0.08 0.0268 96.78286041189932 11022.241243325707 233207576.26888636
0.08 0.0275 91.663961352657 9836.279461697724 182836469.45884058
0.08 0.0282 87.07392080745339 8820.764355590061 144923861.5554115
0.08 0.0289 83.26332880434784 8032.804864130436 118271855.08065218
0.08 0.0296 79.76536994660565 7338.567780320366 97520530.6637071
0.08 0.0303 76.99211277173913 6811.123906250001 82938784.87341711
