0.08 0.017 436.05402717391297 196264.55448369563 42595046909.92164
0.08 0.0177 394.13752717391304 163064.74301630433 30804075850.03321
0.08 0.0184 348.73824999999994 130636.49390217391 21063384787.488552
0.08 0.0191 300.7501014492753 100148.88613043478 13483061573.58671
0.08 0.0198 255.31770186335407 74508.06597515527 8213781486.25
0.08 0.0205 216.0177717391304 54813.363456521736 4881607815.639457
0.08 0.0212 183.8739565217391 40476.1437204969 2882295609.9856586
0.08 0.0219 159.03701630434782 30609.94821195652 1754125113.5805166
0.08 0.0226 139.84198136645963 23722.308490683226 1089723564.794205
0.08 0.0233 125.8712554347826 19179.828505434787 725139421.5704837
0.08 0.024 114.45263354037269 15799.340645962733 495169019.5091926
0.08 0.0247 105.18501630434783 13262.32635326087 346473898.6026359
0.08 0.0254 97.99507114624505 11451.811308300394 257283362.281332
0.08 0.0261 92.21270108695651 10105.670114130437 200769216.3218098
0.08 0.0268 86.9240248447205 8924.938782608697 154304000.76303107
0.08 0.0275 82.48490760869566 8000.353581521739 122610408.56108151
0.08 0.0282 79.07083850931677 7315.376813664595 100920774.740441
0.08 0.0289 75.72167391304347 6674.66027173913 83000065.20859782
0.08 0.0296 72.85095652173914 6159.480273291925 70266084.86322981
0.08 0.0303 70.4235597826087 5736.989701086957 60356103.89852717
