0.01 0.02 2412.568880597015 5878645.680283581 35639946418171.51
0.02 0.02 2460.6106805555555 6088541.577486111 37739069125609.94
0.03075 0.02 2493.919104 6236821.17232 39257454658899.6
0.04 0.02 2503.953424657534 6279751.044520548 39654787661897.55
0.051500000000000004 0.02 2500.897830769231 6260877.280046154 39342737602827.45
0.07225000000000001 0.02 2475.1367642276427 6130652.994569105 37684039228018.49
0.093 0.02 2439.115015873016 5953233.7855238095 35530462387578.78
0.11375000000000002 0.02 2396.690080357143 5748505.329651785 33140735152398.844
0.1345 0.02 2349.969741935484 5527974.999612903 30673461990108.92
0.15525000000000003 0.02 2299.73437962963 5296155.617472221 28191324938329.066
0.17600000000000002 0.02 2241.070193548387 5033638.41348387 25536980672444.336
0.19675000000000004 0.02 2176.6986371681414 4756147.710743364 22911796202387.72
0.21750000000000003 0.02 2103.0583166666665 4452271.638883333 20252445278685.23
0.23825000000000005 0.02 2018.840605504587 4121729.6110091745 17599766192720.637
0.259 0.02 1926.5938135593224 3780095.3284576265 15111882738209.018
0.27975000000000005 0.02 1834.090371428571 3454394.4258000003 12929775760479.447
0.30050000000000004 0.02 1740.2602413793097 3141074.4054482765 11005703107710.883
