0.01 0.02 1927.5258999999996 3749529.8996454543 14465967592223.176
0.02 0.02 1961.74245 3868369.6625833334 15214867584361.016
0.03075 0.02 1981.009705 3935654.9216549997 15637281466076.877
0.04 0.02 1986.038818181818 3951421.7201090907 15710587668253.086
0.051500000000000004 0.02 1981.9798818181816 3933192.3336454546 15538726111047.908
0.07225000000000001 0.02 1961.3252666666665 3850309.9736 14874375373420.87
0.093 0.02 1933.2503999999994 3740718.43818 14038193765348.62
0.11375000000000002 0.02 1900.180722222222 3614281.974555555 13111268571949.22
0.1345 0.02 1864.3270299999995 3480211.0351099996 12169081287227.285
0.15525000000000003 0.02 1824.3817125 3334432.0781375 11190280235934.238
0.17600000000000002 0.02 1781.2433333333338 3181373.7517111115 10215225770690.582
0.19675000000000004 0.02 1731.4408529411762 3011320.092194118 9203224706883.006
0.21750000000000003 0.02 1676.268488888889 2830140.711733334 8197656600581.321
0.23825000000000005 0.02 1613.1998764705882 2633268.428641176 7194997035996.673
0.259 0.02 1547.9647888888885 2439080.981722222 6283060113921.849
0.27975000000000005 0.02 1484.7922437500001 2259666.72323125 5503292679119.278
0.30050000000000004 0.02 1418.398366666667 2079576.5650333334 4777348173044.488
