0.04 0.025 1852.8163734939758 3530221.8164216876 13539207078336.744
0.0475 0.025 1872.068658536585 3591802.9199024397 13874731117099.04
0.055 0.025 1885.2267439024392 3631176.5648658536 14054904660370.523
0.0625 0.025 1885.2283902439021 3625212.9547560974 13943418250869.535
0.07 0.025 1880.928609756097 3604481.2977560973 13738305119810.57
0.0775 0.025 1868.3669876543208 3554855.352123457 13346475688917.043
0.08499999999999999 0.025 1852.8622528735632 3495321.731068965 12896568883847.623
0.0925 0.025 1833.1956104651158 3423025.8190290695 12384899885341.998
0.1 0.025 1807.3925762711865 3331122.7232994353 11767665455193.482
0.10750000000000001 0.025 1779.785296296296 3234313.307864198 11136688702716.625
