0.04 0.025 1494.5199750000002 2291672.1356916665 5667882613215.621
0.0475 0.025 1506.7516750000002 2321841.0734416666 5764076238166.608
0.055 0.025 1508.9781666666668 2324561.9568333332 5747293178571.293
0.0625 0.025 1508.5632916666668 2319679.2504583336 5698433282278.487
0.07 0.025 1503.929025 2302864.3957083337 5598080339721.187
0.0775 0.025 1493.0836083333334 2269490.2563416664 5434595378344.715
0.08499999999999999 0.025 1479.4087153846153 2228772.6476 5245682326244.602
0.0925 0.025 1463.3824538461538 2181485.2984076925 5031356316550.535
0.1 0.025 1445.0781846153843 2129057.474330769 4804357873690.165
0.10750000000000001 0.025 1421.7679249999999 2064664.8691083333 4542108340604.049
