4.000000000000000083e-02 2.500000000000000139e-02 1.494519975000000159e+03 2.291672135691666510e+06 5.667882613215621094e+12
4.750000000000000056e-02 2.500000000000000139e-02 1.506751675000000205e+03 2.321841073441666551e+06 5.764076238166608398e+12
5.500000000000000028e-02 2.500000000000000139e-02 1.508978166666666766e+03 2.324561956833333243e+06 5.747293178571292969e+12
6.250000000000000000e-02 2.500000000000000139e-02 1.508563291666666828e+03 2.319679250458333641e+06 5.698433282278487305e+12
7.000000000000000666e-02 2.500000000000000139e-02 1.503929024999999911e+03 2.302864395708333701e+06 5.598080339721186523e+12
7.749999999999999944e-02 2.500000000000000139e-02 1.493083608333333359e+03 2.269490256341666449e+06 5.434595378344714844e+12
8.499999999999999223e-02 2.500000000000000139e-02 1.479408715384615334e+03 2.228772647599999793e+06 5.245682326244601562e+12
9.249999999999999889e-02 2.500000000000000139e-02 1.463382453846153794e+03 2.181485298407692462e+06 5.031356316550535156e+12
1.000000000000000056e-01 2.500000000000000139e-02 1.445078184615384316e+03 2.129057474330768920e+06 4.804357873690165039e+12
1.075000000000000122e-01 2.500000000000000139e-02 1.421767924999999877e+03 2.064664869108333252e+06 4.542108340604048828e+12
1.150000000000000189e-01 2.500000000000000139e-02 1.400025546666666287e+03 2.004443286399999866e+06 4.296578087626375488e+12
1.225000000000000255e-01 2.500000000000000139e-02 1.374325474999999869e+03 1.935791675262499833e+06 4.034038502529632324e+12
1.300000000000000322e-01 2.500000000000000139e-02 1.346494531249999682e+03 1.862784597043749643e+06 3.762776083972246094e+12
1.375000000000000389e-01 2.500000000000000139e-02 1.316023199999999861e+03 1.784561514786666725e+06 3.483229634681407715e+12
1.450000000000000455e-01 2.500000000000000139e-02 1.285678333333333512e+03 1.708310478306666715e+06 3.220361578989838867e+12
1.525000000000000522e-01 2.500000000000000139e-02 1.253291533333333291e+03 1.628844971173333470e+06 2.958429151512190430e+12
