4.000000000000000083e-02 2.500000000000000139e-02 1.852816373493975789e+03 3.530221816421687603e+06 1.353920707833674414e+13
4.750000000000000056e-02 2.500000000000000139e-02 1.872068658536584962e+03 3.591802919902439695e+06 1.387473111709903906e+13
5.500000000000000028e-02 2.500000000000000139e-02 1.885226743902439239e+03 3.631176564865853637e+06 1.405490466037052344e+13
6.250000000000000000e-02 2.500000000000000139e-02 1.885228390243902140e+03 3.625212954756097402e+06 1.394341825086953516e+13
7.000000000000000666e-02 2.500000000000000139e-02 1.880928609756097103e+03 3.604481297756097279e+06 1.373830511981057031e+13
7.749999999999999944e-02 2.500000000000000139e-02 1.868366987654320837e+03 3.554855352123457007e+06 1.334647568891704297e+13
8.499999999999999223e-02 2.500000000000000139e-02 1.852862252873563193e+03 3.495321731068965048e+06 1.289656888384762305e+13
9.249999999999999889e-02 2.500000000000000139e-02 1.833195610465115806e+03 3.423025819029069506e+06 1.238489988534199805e+13
1.000000000000000056e-01 2.500000000000000139e-02 1.807392576271186499e+03 3.331122723299435340e+06 1.176766545519348242e+13
1.075000000000000122e-01 2.500000000000000139e-02 1.779785296296296110e+03 3.234313307864197996e+06 1.113668870271662500e+13
1.150000000000000189e-01 2.500000000000000139e-02 1.745844160000000556e+03 3.119688522599999793e+06 1.043402973154450781e+13
1.225000000000000255e-01 2.500000000000000139e-02 1.714823119999999790e+03 3.015488871220000554e+06 9.802753001469091797e+12
1.300000000000000322e-01 2.500000000000000139e-02 1.675838719626168313e+03 2.887921026775700506e+06 9.064889366028820312e+12
1.375000000000000389e-01 2.500000000000000139e-02 1.637271653846153868e+03 2.764151724288461730e+06 8.375264691231440430e+12
1.450000000000000455e-01 2.500000000000000139e-02 1.595896049504950270e+03 2.634629314821782522e+06 7.682930809079153320e+12
1.525000000000000522e-01 2.500000000000000139e-02 1.549683267326732675e+03 2.496217637346534524e+06 6.994417623743206055e+12
