0.01 0.022 1169.2149787234043 1502449.6001276595 3025080578785.045
0.0235 0.022 1414.7208039215682 2120516.0027254904 5345359260362.539
0.037 0.022 1571.3910989010985 2555976.9692087914 7232308335033.3
0.0505 0.022 1647.03856 2770896.0206 8177246179352.551
0.06399999999999999 0.022 1664.3731477272727 2812937.8494659085 8287186786507.34
0.07750000000000001 0.022 1650.1294693877553 2759196.975061225 7925442364174.495
0.09099999999999998 0.022 1617.31088372093 2650180.6810930236 7309944803903.691
0.10450000000000001 0.022 1572.2020833333333 2506728.8265 6560414911805.929
0.11799999999999998 0.022 1514.8851411764708 2333969.5288588237 5735690481892.183
0.1315 0.022 1446.5166595744681 2136844.9669999997 4867362674629.947
0.145 0.022 1367.426548780488 1920251.2119146348 3998940485263.616
0.1585 0.022 1278.779255319149 1692997.367680851 3184682847636.4844
0.172 0.022 1173.0337073170733 1441531.481512195 2394382783871.97
0.18550000000000003 0.022 1060.4177608695652 1196379.0675000001 1729623278644.415
0.19899999999999998 0.022 947.4387901234569 969434.9412839508 1194056174962.8
0.21250000000000002 0.022 838.6983333333334 772229.1403777775 800667077576.0724
