0.01 0.022 981.6342249999999 1050921.321725 1441107454528.8704
0.0235 0.022 1155.2353125 1408174.3913625 2326596133005.228
0.037 0.022 1257.2909466666665 1634829.452706667 2952027275384.1704
0.0505 0.022 1300.2902124999998 1730396.9169875 3207953512710.1167
0.06399999999999999 0.022 1308.5505 1743581.1799666667 3209635085080.475
0.07750000000000001 0.022 1296.0355625 1706889.2290625 3058061753387.0923
0.09099999999999998 0.022 1270.1631785714285 1639215.3456071424 2820161866699.4873
0.10450000000000001 0.022 1234.885225 1550792.5386749995 2531452155206.429
0.11799999999999998 0.022 1189.8167642857143 1443548.9584071431 2211800121155.4937
0.1315 0.022 1135.2830625 1320307.5768125 1876273344999.9934
0.145 0.022 1075.6510357142859 1192198.9901071428 1557194818337.6287
0.1585 0.022 1006.6354142857142 1052956.8311 1246157912323.6921
0.172 0.022 929.7870846153846 908044.3192846153 957889121907.7015
0.18550000000000003 0.022 849.8120285714285 768691.3794571429 715262294169.7024
0.19899999999999998 0.022 767.5099384615386 635875.0528769231 512456293916.17694
0.21250000000000002 0.022 685.4731285714287 515396.36050000007 355412787410.5653
