1 0.0006427553819444445
2 4.5943055555555555e-05
3 1.4881423611111111e-05
4 5.399305555555555e-06
5 2.4152777777777776e-06
6 1.1329861111111111e-06
7 5.779513888888889e-07
8 3.182291666666667e-07
9 1.751736111111111e-07
10 9.479166666666666e-08
11 5.295138888888889e-08
12 2.934027777777778e-08
13 2.222222222222222e-08
14 1.2847222222222223e-08
15 8.854166666666667e-09
16 7.291666666666666e-09
17 2.7777777777777776e-09
18 2.951388888888889e-09
19 2.2569444444444445e-09
20 1.2152777777777776e-09
21 1.2152777777777776e-09
22 6.944444444444444e-10
23 0.0
24 0.0
25 8.680555555555555e-10
26 3.472222222222222e-10
27 0.0
28 0.0
29 0.0
30 0.0
31 0.0
32 0.0
33 1.736111111111111e-10
34 0.0
35 5.208333333333333e-10
36 0.0
37 0.0
38 0.0
39 0.0
40 0.0
41 0.0
42 0.0
43 0.0
44 0.0
45 0.0
46 0.0
47 0.0
48 0.0
49 0.0
50 0.0
51 0.0
52 0.0
53 0.0
54 0.0
55 0.0
56 0.0
57 0.0
58 0.0
59 0.0
60 0.0
61 0.0
62 0.0
63 0.0
64 0.0
65 0.0
66 0.0
67 0.0
68 0.0
69 0.0
70 0.0
71 0.0
72 0.0
73 0.0
74 0.0
75 0.0
76 0.0
77 0.0
78 0.0
79 0.0
80 0.0
81 0.0
82 0.0
83 0.0
84 0.0
85 0.0
86 0.0
87 0.0
88 0.0
89 0.0
90 0.0
91 0.0
92 0.0
93 0.0
94 0.0
95 0.0
96 0.0
97 0.0
98 0.0
99 0.0
100 0.0
101 0.0
102 0.0
103 0.0
104 0.0
105 0.0
106 0.0
107 0.0
108 0.0
109 0.0
110 0.0
111 0.0
112 0.0
113 0.0
114 0.0
115 0.0
116 0.0
117 0.0
118 0.0
119 0.0
120 0.0
121 0.0
122 0.0
123 0.0
124 0.0
125 0.0
126 0.0
127 0.0
128 0.0
129 0.0
130 0.0
131 0.0
132 0.0
133 0.0
134 0.0
135 0.0
136 0.0
137 0.0
138 0.0
139 0.0
140 0.0
141 0.0
142 0.0
143 0.0
144 0.0
145 0.0
146 0.0
147 0.0
148 0.0
149 0.0
150 0.0
151 0.0
152 0.0
153 0.0
154 0.0
155 0.0
156 0.0
157 0.0
158 0.0
159 0.0
160 0.0
161 0.0
162 0.0
163 0.0
164 0.0
165 0.0
166 0.0
167 0.0
168 0.0
169 0.0
170 0.0
171 0.0
172 0.0
173 0.0
174 0.0
175 0.0
176 0.0
177 0.0
178 0.0
179 0.0
180 0.0
181 0.0
182 0.0
183 0.0
184 0.0
185 0.0
186 0.0
187 0.0
188 0.0
189 0.0
190 0.0
191 0.0
192 0.0
193 0.0
194 0.0
195 0.0
196 0.0
197 0.0
198 0.0
199 0.0
200 0.0
201 0.0
202 0.0
203 0.0
204 0.0
205 0.0
206 0.0
207 0.0
208 0.0
209 0.0
210 0.0
211 0.0
212 0.0
213 0.0
214 0.0
215 0.0
216 0.0
217 0.0
218 0.0
219 0.0
220 0.0
221 0.0
222 0.0
223 0.0
224 0.0
225 0.0
226 0.0
227 0.0
228 0.0
229 0.0
230 0.0
231 0.0
232 0.0
233 0.0
234 0.0
235 0.0
236 0.0
237 0.0
238 0.0
239 0.0
240 0.0
241 0.0
242 0.0
243 0.0
244 0.0
245 0.0
246 0.0
247 0.0
248 0.0
249 0.0
250 0.0
251 0.0
252 0.0
253 0.0
254 0.0
255 0.0
256 0.0
257 0.0
258 0.0
259 0.0
260 0.0
261 0.0
262 0.0
263 0.0
264 0.0
265 0.0
266 0.0
267 0.0
268 0.0
269 0.0
270 0.0
271 0.0
272 0.0
273 0.0
274 0.0
275 0.0
276 0.0
277 0.0
278 0.0
279 0.0
280 0.0
281 0.0
282 0.0
283 0.0
284 0.0
285 0.0
286 0.0
287 0.0
288 0.0
289 0.0
290 0.0
291 0.0
292 0.0
293 0.0
294 0.0
295 0.0
296 0.0
297 0.0
298 0.0
299 0.0
300 0.0
301 0.0
302 0.0
303 0.0
304 0.0
305 0.0
306 0.0
307 0.0
308 0.0
309 0.0
310 0.0
311 0.0
312 0.0
313 0.0
314 0.0
315 0.0
316 0.0
317 0.0
318 0.0
319 0.0
320 0.0
321 0.0
322 0.0
323 0.0
324 0.0
325 0.0
326 0.0
327 0.0
328 0.0
329 0.0
330 0.0
331 0.0
332 0.0
333 0.0
334 0.0
335 0.0
336 0.0
337 0.0
338 0.0
339 0.0
340 0.0
341 0.0
342 0.0
343 0.0
344 0.0
345 0.0
346 0.0
347 0.0
348 0.0
349 0.0
350 0.0
351 0.0
352 0.0
353 0.0
354 0.0
355 0.0
356 0.0
357 0.0
358 0.0
359 0.0
360 0.0
361 0.0
362 0.0
363 0.0
364 0.0
365 0.0
366 0.0
367 0.0
368 0.0
369 0.0
370 0.0
371 0.0
372 0.0
373 0.0
374 0.0
375 0.0
376 0.0
377 0.0
378 0.0
379 0.0
380 0.0
381 0.0
382 0.0
383 0.0
384 0.0
385 0.0
386 0.0
387 0.0
388 0.0
389 0.0
390 0.0
391 0.0
392 0.0
393 0.0
394 0.0
395 0.0
396 0.0
397 0.0
398 0.0
399 0.0
400 0.0
401 0.0
402 0.0
403 0.0
404 0.0
405 0.0
406 0.0
407 0.0
408 0.0
409 0.0
410 0.0
411 0.0
412 0.0
413 0.0
414 0.0
415 0.0
416 0.0
417 0.0
418 0.0
419 0.0
420 0.0
421 0.0
422 0.0
423 0.0
424 0.0
425 0.0
426 0.0
427 0.0
428 0.0
429 0.0
430 0.0
431 0.0
432 0.0
433 0.0
434 0.0
435 0.0
436 0.0
437 0.0
438 0.0
439 0.0
440 0.0
441 0.0
442 0.0
443 0.0
444 0.0
445 0.0
446 0.0
447 0.0
448 0.0
449 1.736111111111111e-10
450 1.736111111111111e-10
451 0.0
452 3.472222222222222e-10
453 0.0
454 1.736111111111111e-10
455 0.0
456 0.0
457 3.472222222222222e-10
458 1.736111111111111e-10
459 3.472222222222222e-10
460 8.680555555555555e-10
461 5.208333333333333e-10
462 2.604166666666667e-09
463 3.125e-09
464 5.034722222222223e-09
465 5.381944444444444e-09
466 5.555555555555555e-09
467 9.722222222222221e-09
468 1.4756944444444444e-08
469 1.7708333333333335e-08
470 2.517361111111111e-08
471 3.8888888888888884e-08
472 5.451388888888889e-08
473 7.34375e-08
474 1.21875e-07
475 1.7621527777777778e-07
476 2.748263888888889e-07
477 3.786458333333333e-07
478 5.43576388888889e-07
479 7.829861111111111e-07
480 1.1152777777777777e-06
481 1.5571180555555554e-06
482 2.115104166666667e-06
483 2.875694444444444e-06
484 3.901388888888889e-06
485 5.1928819444444446e-06
486 6.938541666666667e-06
487 8.985243055555557e-06
488 1.1562673611111112e-05
489 1.468628472222222e-05
490 1.8527777777777778e-05
491 2.2966319444444445e-05
492 2.8056423611111114e-05
493 3.373784722222222e-05
494 4.003142361111111e-05
495 4.6661458333333335e-05
496 5.406423611111111e-05
497 6.108142361111112e-05
498 6.798663194444444e-05
499 7.466979166666667e-05
500 8.020173611111111e-05
501 8.53296875e-05
502 8.871614583333333e-05
503 9.097239583333332e-05
504 9.196180555555557e-05
505 9.054774305555556e-05
506 8.82201388888889e-05
507 8.417517361111111e-05
508 7.901336805555555e-05
509 7.269357638888889e-05
510 6.558836805555555e-05
511 5.801302083333334e-05
512 5.045451388888889e-05
513 4.28234375e-05
514 3.583975694444445e-05
515 2.9460763888888887e-05
516 2.3387673611111113e-05
517 1.864375e-05
518 1.4358854166666668e-05
519 1.0738020833333334e-05
520 7.930555555555556e-06
521 5.7734375e-06
522 4.0513888888888885e-06
523 2.797222222222222e-06
524 1.8758680555555557e-06
525 1.2359375e-06
526 7.996527777777777e-07
527 5.121527777777778e-07
528 3.173611111111111e-07
529 1.9496527777777778e-07
530 1.0920138888888889e-07
531 5.78125e-08
532 3.645833333333333e-08
533 1.4930555555555556e-08
534 7.291666666666666e-09
535 3.472222222222222e-09
536 2.0833333333333334e-09
537 6.944444444444444e-10
538 0.0
539 0.0
540 0.0
541 0.0
542 0.0
543 0.0
544 0.0
545 0.0
546 0.0
547 0.0
548 0.0
549 0.0
550 0.0
551 0.0
552 0.0
553 0.0
554 0.0
555 0.0
556 0.0
557 0.0
558 0.0
559 0.0
560 0.0
561 0.0
562 0.0
563 0.0
564 0.0
565 0.0
566 0.0
567 0.0
568 0.0
569 0.0
570 0.0
571 0.0
572 0.0
573 0.0
574 0.0
575 0.0
576 0.0
