0.08 0.003 5609.229844173442 31463890.255318426 990030575887823.9
0.08 0.0044 5554.041163446055 30847909.439834945 951659634571112.5
0.08 0.0058 5497.407274590164 30222166.478790984 913461462567797.4
0.08 0.0072 5440.297562893083 29597698.777908802 876125646986090.0
0.08 0.0086 5381.624506319115 28962938.436275672 838974026031476.8
0.08 0.01 5321.778665865384 28322615.179427084 802316176967338.4
0.08 0.0114 5259.9115015360985 27668262.313191243 765708807472176.2
0.08 0.0128 5194.986458333334 26989822.55976808 728659431338210.9
0.08 0.0142 5126.727194041869 26285794.881099034 691201470340062.4
0.08 0.0156 5054.9678827751195 25555855.50883174 653423380080060.6
0.08 0.017 4976.455821078432 24769214.00716912 613918525262776.5
0.08 0.0184 4890.7840962441305 23925742.02877543 573005067087660.4
0.08 0.0198 4792.082125603865 22973430.357689213 528620877300256.1
0.08 0.0212 4670.430469984202 21834817.198518958 478506251850793.6
0.08 0.0226 4507.370630081301 20384434.550142277 420072335354173.9
0.08 0.024 4258.4369617224875 18320507.7027512 346368690667425.9
0.08 0.0254 3930.3526496763748 15818177.666039644 268486013251211.84
0.08 0.0268 3578.1401642628207 13337571.160717146 200761909024679.66
0.08 0.0282 3239.2210153721685 11130470.034567153 147744700613556.38
0.08 0.0296 2943.2952996715926 9344364.322188014 109789799025896.0
