0.08 0.003 7892.994953703704 62299942.58550927 3881425642855567.5
0.08 0.0044 7812.335558712121 61033331.293134466 3725249194522915.0
0.08 0.0058 7731.318055555556 59774233.97120371 3573187302963519.0
0.08 0.0072 7649.002808988764 58508429.35355805 3423513545701598.5
0.08 0.0086 7565.80632183908 57242927.23591954 3277096424391132.5
0.08 0.01 7480.794886363637 55964137.32367425 3132397405157686.5
0.08 0.0114 7392.097111742424 54645334.27902462 2986600515417158.5
0.08 0.0128 7301.227698863638 53310739.19957387 2842634097742726.5
0.08 0.0142 7203.880842911877 51899318.4020115 2694248004967693.0
0.08 0.0156 7101.645641762453 50437801.588745214 2544863989411451.5
0.08 0.017 6990.714942528736 48875842.36360153 2389967892274314.0
0.08 0.0184 6869.789486434109 47202034.76729652 2229539503156885.2
0.08 0.0198 6728.743701550388 45289209.29748062 2053432358763430.5
0.08 0.0212 6559.440939922481 43054085.02156008 1858082474643228.5
0.08 0.0226 6312.049411764706 39945233.36254902 1609317960358866.8
0.08 0.024 5935.6625 35577475.5597549 1303829731468774.5
0.08 0.0254 5397.150099206349 29880840.90843254 962836141010366.5
0.08 0.0268 4793.333581349206 24076269.61671627 666149376442029.6
0.08 0.0282 4236.933184523809 19245011.79766865 456382867256392.8
0.08 0.0296 3782.6064215686274 15622209.702892156 319555658085299.9
