0.08 0.003 1964.2924499999997 3858825.349 14896402233732.773
0.08 0.0044 1939.4910875000005 3761894.5303375 14155897646499.053
0.08 0.0058 1920.1114499999999 3687100.476325001 13598722569847.54
0.08 0.0072 1901.5524999999998 3616218.83855 13081612593089.11
0.08 0.0086 1882.5937374999996 3544543.7563375 12569227380899.47
0.08 0.01 1862.7627499999999 3470357.1940249996 12049909490335.904
0.08 0.0114 1842.4040749999997 3395032.43415 11534082989030.328
0.08 0.0128 1821.092925 3317088.9433500003 11012439476696.877
0.08 0.0142 1798.7497999999998 3236408.514350001 10485996693591.787
0.08 0.0156 1775.0219375000004 3151914.3099625004 9949567813074.55
0.08 0.017 1749.2277750000003 3061566.08625 9393951461633.057
0.08 0.0184 1720.2810875000002 2962464.0121875 8809164216077.73
0.08 0.0198 1685.9272874999997 2848076.142387499 8167126094532.64
0.08 0.0212 1645.3240374999993 2718131.9533625003 7485467619925.872
0.08 0.0226 1594.8133999999998 2562775.012475 6724123118712.049
0.08 0.024 1535.7062374999996 2388939.6834875 5934758257303.161
0.08 0.0254 1466.1376750000002 2194817.4173999997 5126451091798.794
0.08 0.0268 1400.8996249999996 2019494.9698500005 4440617470946.968
0.08 0.0282 1332.4277375000001 1843759.0967874997 3803334474243.893
0.08 0.0296 1270.5151750000002 1691467.9191000003 3287722688024.824
