0.01 0.02 1075.2035700000001 1243894.60737 1928389998123.1626
0.02 0.02 1234.3670392857143 1593058.363317857 2894770126149.003
0.03075 0.02 1344.4144162162163 1852275.8853675677 3688683876732.4463
0.04 0.02 1391.8548862068963 1967636.0510931034 4055527940094.3813
0.051500000000000004 0.02 1414.858277777778 2021248.5087888883 4207570281600.81
0.07225000000000001 0.02 1403.19845625 1981910.1300750005 4009364826734.4727
0.093 0.02 1365.313066666667 1875469.429155556 3586541098248.0127
0.11375000000000002 0.02 1312.6201718749999 1735563.9725906253 3083274057388.556
0.1345 0.02 1246.8220125 1570538.8731375 2547534484914.3945
0.15525000000000003 0.02 1167.2753424242424 1383127.4332939393 2005302237053.8384
0.17600000000000002 0.02 1070.8761 1174017.932175 1482577168781.7444
0.19675000000000004 0.02 952.6746571428571 943672.888057143 1003865339409.6494
0.21750000000000003 0.02 816.7665499999999 709678.1130499999 609016383444.0806
0.23825000000000005 0.02 682.5758129032257 509028.04358709685 341794936684.3257
0.259 0.02 562.256875 354165.1635 181206148599.28845
0.27975000000000005 0.02 466.3535931034483 248456.35606206895 96568879308.08568
0.30050000000000004 0.02 394.6590142857143 179841.26349999997 53299330817.10051
