0.01 0.02 1288.727456140351 1802245.7870350876 4157994121126.292
0.02 0.02 1529.2597539267017 2451375.6453560204 6904482309597.295
0.03075 0.02 1694.3248194444445 2940191.1091712955 9277326916252.855
0.04 0.02 1763.9531839080457 3155348.754574712 10381241025490.371
0.051500000000000004 0.02 1795.1255 3250133.1462407405 10840465632777.06
0.07225000000000001 0.02 1786.8058472222226 3207544.74763426 10442313893976.182
0.093 0.02 1741.8776730769232 3046364.535519231 9403949905784.89
0.11375000000000002 0.02 1675.76163592233 2821743.614888349 8090532288306.86
0.1345 0.02 1594.3224901960787 2559812.9136274513 6703949857071.384
0.15525000000000003 0.02 1495.2068802083334 2260220.8251614585 5290509957903.572
0.17600000000000002 0.02 1369.0477999999996 1911315.8191999998 3882423246823.0713
0.19675000000000004 0.02 1217.6406935483872 1533606.0833279572 2609121044502.2856
0.21750000000000003 0.02 1031.5815714285716 1128258.5718571427 1522182795363.1584
0.23825000000000005 0.02 843.7308626373626 777482.2760384616 796629434760.5001
0.259 0.02 680.2199591836735 519425.856122449 392958670040.34033
0.27975000000000005 0.02 552.1163575418994 348987.7405698324 192725021803.1313
0.30050000000000004 0.02 461.32643750000005 246094.91918749997 101123486676.97417
